date	time	time_sec	Ch1_O2	Ch1_temp	Ch2_O2	Ch3_O2	Ch4_O2
8/12/2022	8:46:51	0.257	8.707	18.955	8.731	8.307	8.837
8/12/2022	8:46:52	1.259	8.708	18.958	8.728	8.311	8.834
8/12/2022	8:46:53	2.258	8.707	18.958	8.735	8.31	8.836
8/12/2022	8:46:54	3.258	8.709	18.958	8.73	8.315	8.836
8/12/2022	8:46:55	4.262	8.708	18.954	8.732	8.307	8.84
8/12/2022	8:46:56	5.26	8.704	18.952	8.731	8.306	8.84
8/12/2022	8:46:57	6.257	8.709	18.943	8.731	8.309	8.843
8/12/2022	8:46:58	7.258	8.707	18.936	8.736	8.317	8.843
8/12/2022	8:46:59	8.259	8.711	18.932	8.735	8.32	8.843
8/12/2022	8:47:00	9.257	8.712	18.93	8.734	8.317	8.847
8/12/2022	8:47:01	10.261	8.708	18.933	8.729	8.315	8.845
8/12/2022	8:47:02	11.259	8.7	18.94	8.734	8.32	8.842
8/12/2022	8:47:03	12.259	8.695	18.945	8.728	8.312	8.844
8/12/2022	8:47:04	13.282	8.695	18.947	8.725	8.307	8.843
8/12/2022	8:47:05	14.26	8.696	18.947	8.731	8.31	8.84
8/12/2022	8:47:06	15.259	8.691	18.95	8.719	8.313	8.84
8/12/2022	8:47:07	16.26	8.691	18.955	8.717	8.305	8.839
8/12/2022	8:47:08	17.263	8.687	18.961	8.718	8.306	8.842
8/12/2022	8:47:09	18.258	8.678	18.965	8.711	8.306	8.837
8/12/2022	8:47:10	19.259	8.678	18.971	8.707	8.308	8.833
8/12/2022	8:47:11	20.258	8.676	18.976	8.708	8.304	8.832
8/12/2022	8:47:12	21.259	8.677	18.978	8.705	8.3	8.835
8/12/2022	8:47:13	22.26	8.676	18.979	8.7	8.301	8.836
8/12/2022	8:47:14	23.259	8.675	18.98	8.698	8.3	8.834
8/12/2022	8:47:15	24.259	8.672	18.98	8.701	8.305	8.833
8/12/2022	8:47:16	25.26	8.67	18.978	8.697	8.299	8.835
8/12/2022	8:47:17	26.259	8.664	18.977	8.703	8.302	8.836
8/12/2022	8:47:18	27.259	8.667	18.977	8.695	8.299	8.836
8/12/2022	8:47:19	28.259	8.666	18.976	8.691	8.3	8.837
8/12/2022	8:47:20	29.259	8.664	18.977	8.69	8.302	8.837
8/12/2022	8:47:21	30.259	8.665	18.977	8.696	8.302	8.839
8/12/2022	8:47:22	31.26	8.659	18.979	8.695	8.294	8.838
8/12/2022	8:47:23	32.258	8.665	18.978	8.689	8.296	8.833
8/12/2022	8:47:24	33.26	8.659	18.977	8.688	8.3	8.836
8/12/2022	8:47:25	34.258	8.654	18.977	8.688	8.293	8.836
8/12/2022	8:47:26	35.259	8.658	18.982	8.683	8.296	8.831
8/12/2022	8:47:27	36.26	8.656	18.983	8.682	8.298	8.833
8/12/2022	8:47:28	37.26	8.653	18.986	8.682	8.299	8.837
8/12/2022	8:47:29	38.26	8.651	18.985	8.675	8.291	8.832
8/12/2022	8:47:30	39.261	8.649	18.985	8.678	8.291	8.832
8/12/2022	8:47:31	40.26	8.647	18.981	8.678	8.291	8.834
8/12/2022	8:47:32	41.262	8.652	18.98	8.678	8.297	8.833
8/12/2022	8:47:33	42.265	8.647	18.979	8.674	8.296	8.832
8/12/2022	8:47:34	43.261	8.649	18.979	8.676	8.292	8.835
8/12/2022	8:47:35	44.26	8.649	18.978	8.674	8.294	8.836
8/12/2022	8:47:36	45.261	8.638	18.978	8.672	8.289	8.83
8/12/2022	8:47:37	46.261	8.636	18.979	8.67	8.288	8.834
8/12/2022	8:47:38	47.26	8.643	18.98	8.672	8.294	8.836
8/12/2022	8:47:39	48.261	8.639	18.982	8.67	8.291	8.836
8/12/2022	8:47:40	49.268	8.631	18.982	8.669	8.29	8.837
8/12/2022	8:47:41	50.263	8.637	18.982	8.664	8.291	8.833
8/12/2022	8:47:42	51.264	8.632	18.981	8.663	8.293	8.833
8/12/2022	8:47:43	52.263	8.634	18.979	8.66	8.287	8.834
8/12/2022	8:47:44	53.264	8.631	18.98	8.661	8.288	8.833
8/12/2022	8:47:45	54.264	8.631	18.98	8.659	8.288	8.828
8/12/2022	8:47:46	55.265	8.632	18.982	8.656	8.287	8.831
8/12/2022	8:47:47	56.265	8.627	18.984	8.659	8.288	8.828
8/12/2022	8:47:48	57.266	8.627	18.985	8.654	8.288	8.837
8/12/2022	8:47:49	58.264	8.626	18.982	8.655	8.291	8.834
8/12/2022	8:47:50	59.264	8.625	18.98	8.653	8.284	8.83
8/12/2022	8:47:51	60.265	8.622	18.979	8.652	8.288	8.832
8/12/2022	8:47:52	61.265	8.619	18.977	8.646	8.292	8.832
8/12/2022	8:47:53	62.266	8.619	18.98	8.654	8.285	8.839
8/12/2022	8:47:54	63.265	8.619	18.981	8.648	8.29	8.834
8/12/2022	8:47:55	64.266	8.62	18.981	8.652	8.287	8.832
8/12/2022	8:47:56	65.268	8.611	18.982	8.645	8.286	8.837
8/12/2022	8:47:57	66.275	8.615	18.981	8.643	8.278	8.838
8/12/2022	8:47:58	67.27	8.61	18.982	8.643	8.281	8.835
8/12/2022	8:47:59	68.267	8.611	18.982	8.641	8.287	8.836
8/12/2022	8:48:00	69.267	8.611	18.981	8.638	8.277	8.832
8/12/2022	8:48:01	70.267	8.607	18.981	8.636	8.284	8.838
8/12/2022	8:48:02	71.267	8.606	18.98	8.634	8.283	8.839
8/12/2022	8:48:03	72.267	8.601	18.98	8.631	8.285	8.836
8/12/2022	8:48:04	73.268	8.599	18.98	8.632	8.278	8.836
8/12/2022	8:48:05	74.269	8.604	18.978	8.634	8.284	8.835
8/12/2022	8:48:06	75.267	8.6	18.979	8.629	8.278	8.834
8/12/2022	8:48:07	76.275	8.598	18.978	8.627	8.276	8.837
8/12/2022	8:48:08	77.27	8.594	18.979	8.623	8.279	8.834
8/12/2022	8:48:09	78.269	8.597	18.982	8.619	8.277	8.829
8/12/2022	8:48:10	79.27	8.594	18.982	8.623	8.274	8.835
8/12/2022	8:48:11	80.274	8.591	18.981	8.625	8.274	8.835
8/12/2022	8:48:12	81.27	8.594	18.979	8.619	8.283	8.832
8/12/2022	8:48:13	82.269	8.587	18.979	8.615	8.274	8.831
8/12/2022	8:48:14	83.27	8.591	18.98	8.618	8.28	8.833
8/12/2022	8:48:15	84.271	8.585	18.982	8.617	8.277	8.84
8/12/2022	8:48:16	85.27	8.587	18.983	8.613	8.282	8.833
8/12/2022	8:48:17	86.27	8.58	18.982	8.61	8.288	8.834
8/12/2022	8:48:18	87.271	8.582	18.98	8.613	8.284	8.834
8/12/2022	8:48:19	88.27	8.576	18.98	8.61	8.28	8.838
8/12/2022	8:48:20	89.274	8.577	18.983	8.608	8.281	8.826
8/12/2022	8:48:21	90.273	8.577	18.985	8.607	8.283	8.837
8/12/2022	8:48:22	91.274	8.571	18.986	8.608	8.28	8.834
8/12/2022	8:48:23	92.275	8.572	18.986	8.603	8.273	8.834
8/12/2022	8:48:24	93.275	8.569	18.984	8.607	8.276	8.837
8/12/2022	8:48:25	94.276	8.571	18.982	8.602	8.283	8.837
8/12/2022	8:48:26	95.277	8.567	18.983	8.598	8.289	8.84
8/12/2022	8:48:27	96.277	8.571	18.982	8.601	8.297	8.837
8/12/2022	8:48:28	97.276	8.563	18.982	8.601	8.308	8.836
8/12/2022	8:48:29	98.277	8.571	18.98	8.598	8.321	8.84
8/12/2022	8:48:30	99.276	8.558	18.981	8.599	8.334	8.834
8/12/2022	8:48:31	100.276	8.562	18.983	8.599	8.346	8.837
8/12/2022	8:48:32	101.287	8.563	18.984	8.596	8.354	8.834
8/12/2022	8:48:33	102.278	8.56	18.985	8.588	8.361	8.835
8/12/2022	8:48:34	103.278	8.56	18.987	8.589	8.369	8.839
8/12/2022	8:48:35	104.279	8.559	18.988	8.587	8.376	8.834
8/12/2022	8:48:36	105.28	8.556	18.988	8.591	8.382	8.836
8/12/2022	8:48:37	106.279	8.559	18.988	8.587	8.38	8.834
8/12/2022	8:48:38	107.279	8.551	18.984	8.583	8.395	8.839
8/12/2022	8:48:39	108.279	8.549	18.982	8.583	8.396	8.841
8/12/2022	8:48:40	109.279	8.552	18.981	8.574	8.401	8.833
8/12/2022	8:48:41	110.28	8.548	18.983	8.571	8.405	8.838
8/12/2022	8:48:42	111.278	8.545	18.982	8.575	8.407	8.834
8/12/2022	8:48:43	112.279	8.551	18.985	8.573	8.407	8.839
8/12/2022	8:48:44	113.281	8.543	18.984	8.573	8.416	8.842
8/12/2022	8:48:45	114.28	8.54	18.983	8.57	8.418	8.843
8/12/2022	8:48:46	115.28	8.544	18.984	8.569	8.415	8.839
8/12/2022	8:48:47	116.292	8.537	18.983	8.573	8.415	8.841
8/12/2022	8:48:48	117.28	8.536	18.984	8.565	8.411	8.838
8/12/2022	8:48:49	118.28	8.539	18.986	8.564	8.407	8.839
8/12/2022	8:48:50	119.28	8.536	18.986	8.561	8.401	8.836
8/12/2022	8:48:51	120.282	8.53	18.986	8.56	8.401	8.837
8/12/2022	8:48:52	121.283	8.54	18.987	8.564	8.396	8.84
8/12/2022	8:48:53	122.283	8.528	18.987	8.558	8.398	8.836
8/12/2022	8:48:54	123.282	8.529	18.988	8.562	8.397	8.834
8/12/2022	8:48:55	124.282	8.53	18.987	8.554	8.395	8.839
8/12/2022	8:48:56	125.283	8.526	18.988	8.55	8.396	8.839
8/12/2022	8:48:57	126.283	8.523	18.987	8.553	8.4	8.839
8/12/2022	8:48:58	127.284	8.526	18.985	8.551	8.405	8.841
8/12/2022	8:48:59	128.285	8.518	18.985	8.552	8.407	8.835
8/12/2022	8:49:00	129.283	8.519	18.987	8.549	8.415	8.833
8/12/2022	8:49:01	130.283	8.522	18.987	8.547	8.416	8.839
8/12/2022	8:49:02	131.286	8.512	18.989	8.546	8.414	8.835
8/12/2022	8:49:03	132.284	8.521	18.988	8.545	8.422	8.838
8/12/2022	8:49:04	133.284	8.51	18.988	8.542	8.415	8.836
8/12/2022	8:49:05	134.288	8.508	18.988	8.543	8.416	8.837
8/12/2022	8:49:06	135.299	8.511	18.987	8.535	8.42	8.835
8/12/2022	8:49:07	136.299	8.513	18.986	8.537	8.423	8.835
8/12/2022	8:49:08	137.284	8.511	18.986	8.534	8.427	8.829
8/12/2022	8:49:09	138.286	8.507	18.987	8.538	8.426	8.834
8/12/2022	8:49:10	139.286	8.505	18.987	8.531	8.428	8.836
8/12/2022	8:49:11	140.287	8.508	18.989	8.538	8.428	8.836
8/12/2022	8:49:12	141.287	8.496	18.99	8.526	8.428	8.833
8/12/2022	8:49:13	142.287	8.501	18.99	8.528	8.433	8.83
8/12/2022	8:49:14	143.288	8.505	18.99	8.531	8.431	8.834
8/12/2022	8:49:15	144.286	8.497	18.989	8.53	8.432	8.838
8/12/2022	8:49:16	145.288	8.5	18.989	8.523	8.436	8.833
8/12/2022	8:49:17	146.287	8.494	18.99	8.523	8.433	8.835
8/12/2022	8:49:18	147.288	8.497	18.99	8.519	8.434	8.835
8/12/2022	8:49:19	148.286	8.49	18.989	8.52	8.437	8.836
8/12/2022	8:49:20	149.288	8.495	18.986	8.524	8.437	8.84
8/12/2022	8:49:21	150.288	8.494	18.987	8.52	8.436	8.836
8/12/2022	8:49:22	151.287	8.491	18.989	8.516	8.44	8.835
8/12/2022	8:49:23	152.298	8.487	18.989	8.52	8.44	8.835
8/12/2022	8:49:24	153.287	8.487	18.99	8.514	8.438	8.835
8/12/2022	8:49:25	154.287	8.488	18.99	8.511	8.436	8.841
8/12/2022	8:49:26	155.288	8.485	18.991	8.512	8.443	8.835
8/12/2022	8:49:27	156.287	8.482	18.993	8.512	8.437	8.843
8/12/2022	8:49:28	157.288	8.476	18.993	8.509	8.439	8.839
8/12/2022	8:49:29	158.288	8.479	18.994	8.511	8.438	8.837
8/12/2022	8:49:30	159.288	8.475	18.993	8.511	8.443	8.842
8/12/2022	8:49:31	160.288	8.473	18.992	8.508	8.439	8.834
8/12/2022	8:49:32	161.289	8.472	18.993	8.503	8.443	8.834
8/12/2022	8:49:33	162.288	8.472	18.991	8.507	8.445	8.84
8/12/2022	8:49:34	163.293	8.473	18.991	8.504	8.44	8.837
8/12/2022	8:49:35	164.289	8.475	18.99	8.501	8.442	8.839
8/12/2022	8:49:36	165.29	8.469	18.988	8.5	8.446	8.837
8/12/2022	8:49:37	166.29	8.471	18.989	8.497	8.446	8.841
8/12/2022	8:49:38	167.292	8.473	18.99	8.495	8.437	8.84
8/12/2022	8:49:39	168.291	8.468	18.991	8.5	8.44	8.834
8/12/2022	8:49:40	169.293	8.467	18.991	8.494	8.442	8.838
8/12/2022	8:49:41	170.293	8.465	18.991	8.496	8.443	8.837
8/12/2022	8:49:42	171.291	8.462	18.992	8.494	8.442	8.839
8/12/2022	8:49:43	172.291	8.463	18.994	8.495	8.445	8.837
8/12/2022	8:49:44	173.292	8.464	18.994	8.489	8.444	8.836
8/12/2022	8:49:45	174.291	8.457	18.994	8.482	8.446	8.839
8/12/2022	8:49:46	175.292	8.457	18.993	8.484	8.449	8.838
8/12/2022	8:49:47	176.293	8.458	18.991	8.481	8.444	8.835
8/12/2022	8:49:48	177.293	8.454	18.99	8.48	8.451	8.837
8/12/2022	8:49:49	178.294	8.452	18.991	8.479	8.442	8.839
8/12/2022	8:49:50	179.293	8.447	18.993	8.476	8.442	8.838
8/12/2022	8:49:51	180.293	8.45	18.994	8.475	8.445	8.84
8/12/2022	8:49:52	181.293	8.446	18.995	8.479	8.444	8.838
8/12/2022	8:49:53	182.293	8.445	18.993	8.474	8.444	8.842
8/12/2022	8:49:54	183.293	8.444	18.995	8.472	8.445	8.836
8/12/2022	8:49:55	184.293	8.439	18.994	8.471	8.447	8.842
8/12/2022	8:49:56	185.296	8.441	18.997	8.472	8.45	8.834
8/12/2022	8:49:57	186.293	8.441	18.997	8.465	8.444	8.835
8/12/2022	8:49:58	187.293	8.437	18.997	8.46	8.441	8.837
8/12/2022	8:49:59	188.293	8.434	18.997	8.464	8.444	8.832
8/12/2022	8:50:00	189.293	8.438	18.998	8.463	8.442	8.835
8/12/2022	8:50:01	190.294	8.432	18.999	8.467	8.444	8.835
8/12/2022	8:50:02	191.292	8.437	19	8.462	8.451	8.842
8/12/2022	8:50:03	192.292	8.431	18.999	8.459	8.448	8.839
8/12/2022	8:50:04	193.293	8.432	19.001	8.457	8.443	8.837
8/12/2022	8:50:05	194.294	8.427	19.001	8.458	8.445	8.835
8/12/2022	8:50:06	195.306	8.425	19.001	8.458	8.446	8.837
8/12/2022	8:50:07	196.293	8.429	19	8.45	8.444	8.835
8/12/2022	8:50:08	197.293	8.425	18.998	8.458	8.448	8.84
8/12/2022	8:50:09	198.294	8.427	18.996	8.45	8.446	8.835
8/12/2022	8:50:10	199.295	8.426	18.999	8.456	8.449	8.836
8/12/2022	8:50:11	200.296	8.426	19	8.456	8.444	8.836
8/12/2022	8:50:12	201.295	8.428	19.001	8.452	8.453	8.84
8/12/2022	8:50:13	202.298	8.424	19.001	8.452	8.449	8.834
8/12/2022	8:50:14	203.3	8.421	19.001	8.446	8.45	8.832
8/12/2022	8:50:15	204.299	8.42	19.002	8.443	8.446	8.834
8/12/2022	8:50:16	205.3	8.417	19.002	8.449	8.449	8.83
8/12/2022	8:50:17	206.301	8.419	19.003	8.443	8.445	8.837
8/12/2022	8:50:18	207.302	8.41	19	8.438	8.441	8.836
8/12/2022	8:50:19	208.303	8.414	18.998	8.439	8.45	8.835
8/12/2022	8:50:20	209.303	8.416	18.997	8.443	8.444	8.832
8/12/2022	8:50:21	210.304	8.415	18.999	8.438	8.445	8.838
8/12/2022	8:50:22	211.303	8.41	19	8.438	8.447	8.837
8/12/2022	8:50:23	212.303	8.409	19.001	8.44	8.445	8.838
8/12/2022	8:50:24	213.303	8.403	19.003	8.432	8.443	8.834
8/12/2022	8:50:25	214.303	8.406	19.005	8.433	8.444	8.83
8/12/2022	8:50:26	215.31	8.399	19.006	8.433	8.439	8.838
8/12/2022	8:50:27	216.304	8.401	19.005	8.429	8.445	8.838
8/12/2022	8:50:28	217.305	8.402	19.005	8.429	8.444	8.829
8/12/2022	8:50:29	218.304	8.401	19.006	8.432	8.444	8.836
8/12/2022	8:50:30	219.305	8.398	19.008	8.425	8.441	8.828
8/12/2022	8:50:31	220.305	8.398	19.008	8.426	8.44	8.835
8/12/2022	8:50:32	221.304	8.396	19.004	8.427	8.446	8.833
8/12/2022	8:50:33	222.305	8.396	19.003	8.423	8.446	8.837
8/12/2022	8:50:34	223.303	8.393	19.002	8.421	8.451	8.835
8/12/2022	8:50:35	224.304	8.392	19.003	8.421	8.443	8.837
8/12/2022	8:50:36	225.304	8.392	19.003	8.415	8.443	8.835
8/12/2022	8:50:37	226.304	8.392	19.003	8.416	8.444	8.836
8/12/2022	8:50:38	227.303	8.386	19.004	8.418	8.443	8.839
8/12/2022	8:50:39	228.304	8.384	19.009	8.415	8.443	8.837
8/12/2022	8:50:40	229.305	8.386	19.01	8.408	8.444	8.83
8/12/2022	8:50:41	230.304	8.384	19.009	8.41	8.443	8.834
8/12/2022	8:50:42	231.307	8.384	19.007	8.409	8.447	8.836
8/12/2022	8:50:43	232.322	8.384	19.005	8.415	8.445	8.833
8/12/2022	8:50:44	233.304	8.38	19.005	8.41	8.446	8.831
8/12/2022	8:50:45	234.303	8.388	19.005	8.412	8.44	8.835
8/12/2022	8:50:46	235.304	8.383	19.003	8.414	8.448	8.835
8/12/2022	8:50:47	236.303	8.385	19	8.414	8.444	8.837
8/12/2022	8:50:48	237.304	8.38	18.999	8.418	8.447	8.834
8/12/2022	8:50:49	238.304	8.384	18.998	8.424	8.447	8.835
8/12/2022	8:50:50	239.306	8.392	18.997	8.429	8.445	8.836
8/12/2022	8:50:51	240.305	8.391	18.997	8.432	8.451	8.838
8/12/2022	8:50:52	241.305	8.395	18.997	8.435	8.447	8.836
8/12/2022	8:50:53	242.305	8.397	18.998	8.439	8.447	8.83
8/12/2022	8:50:54	243.306	8.404	18.998	8.444	8.447	8.832
8/12/2022	8:50:55	244.305	8.408	18.997	8.447	8.449	8.831
8/12/2022	8:50:56	245.306	8.418	18.998	8.452	8.446	8.831
8/12/2022	8:50:57	246.306	8.423	18.998	8.455	8.447	8.835
8/12/2022	8:50:58	247.305	8.419	18.997	8.459	8.449	8.835
8/12/2022	8:50:59	248.31	8.428	18.998	8.464	8.446	8.834
8/12/2022	8:51:00	249.308	8.435	18.997	8.466	8.446	8.834
8/12/2022	8:51:01	250.308	8.438	18.999	8.476	8.445	8.833
8/12/2022	8:51:02	251.31	8.438	18.999	8.478	8.445	8.832
8/12/2022	8:51:03	252.308	8.446	19.002	8.481	8.446	8.835
8/12/2022	8:51:04	253.309	8.451	19.002	8.482	8.447	8.832
8/12/2022	8:51:05	254.312	8.452	19.002	8.494	8.447	8.827
8/12/2022	8:51:06	255.31	8.46	19.002	8.494	8.449	8.836
8/12/2022	8:51:07	256.31	8.464	19.001	8.5	8.444	8.831
8/12/2022	8:51:08	257.312	8.475	19.001	8.509	8.445	8.829
8/12/2022	8:51:09	258.311	8.47	18.999	8.513	8.441	8.837
8/12/2022	8:51:10	259.31	8.477	18.998	8.517	8.446	8.835
8/12/2022	8:51:11	260.311	8.481	18.999	8.525	8.448	8.832
8/12/2022	8:51:12	261.311	8.486	18.999	8.527	8.442	8.833
8/12/2022	8:51:13	262.311	8.486	18.997	8.531	8.448	8.833
8/12/2022	8:51:14	263.31	8.496	18.997	8.535	8.449	8.837
8/12/2022	8:51:15	264.312	8.504	18.996	8.544	8.445	8.835
8/12/2022	8:51:16	265.315	8.503	18.995	8.542	8.449	8.834
8/12/2022	8:51:17	266.313	8.511	18.996	8.545	8.447	8.833
8/12/2022	8:51:18	267.313	8.512	18.997	8.554	8.452	8.833
8/12/2022	8:51:19	268.314	8.516	18.998	8.557	8.443	8.826
8/12/2022	8:51:20	269.315	8.521	18.997	8.561	8.447	8.836
8/12/2022	8:51:21	270.313	8.526	18.997	8.562	8.446	8.834
8/12/2022	8:51:22	271.325	8.527	18.996	8.564	8.45	8.832
8/12/2022	8:51:23	272.313	8.532	18.999	8.569	8.454	8.833
8/12/2022	8:51:24	273.314	8.532	19	8.57	8.453	8.834
8/12/2022	8:51:25	274.316	8.543	18.999	8.577	8.445	8.832
8/12/2022	8:51:26	275.316	8.542	19.001	8.579	8.449	8.83
8/12/2022	8:51:27	276.317	8.549	18.999	8.586	8.449	8.835
8/12/2022	8:51:28	277.315	8.55	19.001	8.586	8.449	8.836
8/12/2022	8:51:29	278.316	8.556	19	8.59	8.443	8.837
8/12/2022	8:51:30	279.316	8.557	19	8.595	8.446	8.838
8/12/2022	8:51:31	280.316	8.558	19.002	8.591	8.444	8.832
8/12/2022	8:51:32	281.316	8.563	19.002	8.595	8.45	8.829
8/12/2022	8:51:33	282.316	8.564	19.001	8.596	8.449	8.83
8/12/2022	8:51:34	283.317	8.559	19.001	8.601	8.448	8.835
8/12/2022	8:51:35	284.317	8.565	19	8.606	8.451	8.834
8/12/2022	8:51:36	285.317	8.571	19.001	8.606	8.445	8.833
8/12/2022	8:51:37	286.32	8.571	19.001	8.607	8.45	8.83
8/12/2022	8:51:38	287.317	8.575	18.999	8.611	8.445	8.834
8/12/2022	8:51:39	288.318	8.576	18.998	8.613	8.446	8.836
8/12/2022	8:51:40	289.318	8.578	18.998	8.616	8.45	8.829
8/12/2022	8:51:41	290.318	8.58	18.999	8.614	8.446	8.835
8/12/2022	8:51:42	291.318	8.578	18.998	8.619	8.446	8.836
8/12/2022	8:51:43	292.319	8.58	18.997	8.619	8.446	8.829
8/12/2022	8:51:44	293.317	8.584	18.998	8.625	8.457	8.836
8/12/2022	8:51:45	294.317	8.581	19	8.625	8.454	8.832
8/12/2022	8:51:46	295.321	8.592	19.001	8.623	8.451	8.833
8/12/2022	8:51:47	296.319	8.599	19	8.619	8.452	8.834
8/12/2022	8:51:48	297.321	8.594	18.999	8.62	8.455	8.835
8/12/2022	8:51:49	298.322	8.59	18.999	8.629	8.45	8.839
8/12/2022	8:51:50	299.334	8.598	18.998	8.63	8.448	8.836
8/12/2022	8:51:51	300.32	8.598	19	8.628	8.444	8.832
8/12/2022	8:51:52	301.32	8.598	19.001	8.633	8.449	8.836
8/12/2022	8:51:53	302.321	8.602	19.003	8.633	8.446	8.831
8/12/2022	8:51:54	303.321	8.608	19.005	8.633	8.449	8.831
8/12/2022	8:51:55	304.32	8.606	19.003	8.632	8.449	8.834
8/12/2022	8:51:56	305.32	8.609	19.002	8.641	8.451	8.832
8/12/2022	8:51:57	306.32	8.608	19	8.638	8.45	8.832
8/12/2022	8:51:58	307.32	8.61	18.998	8.642	8.45	8.832
8/12/2022	8:51:59	308.32	8.614	19	8.641	8.451	8.833
8/12/2022	8:52:00	309.32	8.612	19	8.639	8.452	8.836
8/12/2022	8:52:01	310.321	8.613	19.001	8.642	8.456	8.834
8/12/2022	8:52:02	311.321	8.61	19.001	8.644	8.45	8.833
8/12/2022	8:52:03	312.323	8.611	18.999	8.643	8.455	8.834
8/12/2022	8:52:04	313.32	8.609	19.002	8.645	8.451	8.832
8/12/2022	8:52:05	314.319	8.615	19.002	8.65	8.451	8.825
8/12/2022	8:52:06	315.323	8.618	19.004	8.649	8.452	8.831
8/12/2022	8:52:07	316.328	8.615	19.003	8.648	8.45	8.83
8/12/2022	8:52:08	317.322	8.61	19.005	8.645	8.449	8.836
8/12/2022	8:52:09	318.322	8.619	19.004	8.649	8.453	8.832
8/12/2022	8:52:10	319.323	8.618	19.005	8.647	8.45	8.827
8/12/2022	8:52:11	320.323	8.623	19.003	8.65	8.453	8.831
8/12/2022	8:52:12	321.323	8.625	19.002	8.648	8.452	8.836
8/12/2022	8:52:13	322.324	8.619	19.001	8.652	8.455	8.834
8/12/2022	8:52:14	323.324	8.62	19	8.656	8.453	8.831
8/12/2022	8:52:15	324.323	8.622	19	8.657	8.451	8.832
8/12/2022	8:52:16	325.323	8.621	19	8.653	8.451	8.835
8/12/2022	8:52:17	326.323	8.624	19.001	8.656	8.451	8.835
8/12/2022	8:52:18	327.322	8.628	19	8.659	8.454	8.831
8/12/2022	8:52:19	328.322	8.624	19.003	8.658	8.453	8.834
8/12/2022	8:52:20	329.322	8.625	19.005	8.651	8.449	8.829
8/12/2022	8:52:21	330.322	8.623	19.008	8.653	8.447	8.83
8/12/2022	8:52:22	331.322	8.622	19.008	8.656	8.45	8.829
8/12/2022	8:52:23	332.323	8.628	19.006	8.656	8.451	8.832
8/12/2022	8:52:24	333.326	8.628	19.009	8.655	8.452	8.831
8/12/2022	8:52:25	334.324	8.627	19.008	8.652	8.449	8.829
8/12/2022	8:52:26	335.324	8.634	19.006	8.656	8.451	8.828
8/12/2022	8:52:27	336.324	8.63	19.004	8.658	8.449	8.833
8/12/2022	8:52:28	337.324	8.623	19.005	8.654	8.447	8.831
8/12/2022	8:52:29	338.325	8.629	19.005	8.655	8.449	8.835
8/12/2022	8:52:30	339.324	8.632	19.007	8.66	8.445	8.834
8/12/2022	8:52:31	340.324	8.626	19.006	8.652	8.452	8.834
8/12/2022	8:52:32	341.327	8.631	19.006	8.655	8.451	8.831
8/12/2022	8:52:33	342.325	8.634	19.008	8.657	8.45	8.836
8/12/2022	8:52:34	343.324	8.624	19.008	8.658	8.455	8.835
8/12/2022	8:52:35	344.325	8.631	19.007	8.656	8.452	8.834
8/12/2022	8:52:36	345.325	8.627	19.006	8.655	8.455	8.832
8/12/2022	8:52:37	346.325	8.626	19.005	8.664	8.45	8.828
8/12/2022	8:52:38	347.346	8.629	19.006	8.664	8.449	8.832
8/12/2022	8:52:39	348.326	8.634	19.006	8.657	8.455	8.83
8/12/2022	8:52:40	349.326	8.631	19.008	8.664	8.444	8.834
8/12/2022	8:52:41	350.334	8.624	19.008	8.655	8.455	8.835
8/12/2022	8:52:42	351.327	8.633	19.011	8.66	8.447	8.831
8/12/2022	8:52:43	352.325	8.632	19.011	8.66	8.449	8.831
8/12/2022	8:52:44	353.326	8.63	19.01	8.658	8.446	8.828
8/12/2022	8:52:45	354.327	8.634	19.01	8.661	8.445	8.834
8/12/2022	8:52:46	355.329	8.631	19.008	8.661	8.449	8.831
8/12/2022	8:52:47	356.328	8.63	19.009	8.658	8.451	8.835
8/12/2022	8:52:48	357.326	8.635	19.009	8.658	8.451	8.829
8/12/2022	8:52:49	358.327	8.632	19.009	8.662	8.451	8.832
8/12/2022	8:52:50	359.328	8.632	19.008	8.665	8.455	8.831
8/12/2022	8:52:51	360.328	8.633	19.008	8.663	8.449	8.833
8/12/2022	8:52:52	361.328	8.632	19.007	8.66	8.452	8.835
8/12/2022	8:52:53	362.327	8.64	19.008	8.663	8.445	8.834
8/12/2022	8:52:54	363.328	8.635	19.008	8.664	8.449	8.833
8/12/2022	8:52:55	364.333	8.635	19.011	8.658	8.447	8.835
8/12/2022	8:52:56	365.328	8.638	19.011	8.662	8.447	8.827
8/12/2022	8:52:57	366.33	8.638	19.011	8.663	8.45	8.831
8/12/2022	8:52:58	367.35	8.637	19.013	8.654	8.446	8.831
8/12/2022	8:52:59	368.332	8.633	19.013	8.658	8.45	8.826
8/12/2022	8:53:00	369.33	8.635	19.011	8.663	8.444	8.83
8/12/2022	8:53:01	370.33	8.637	19.01	8.665	8.453	8.828
8/12/2022	8:53:02	371.33	8.636	19.011	8.66	8.451	8.829
8/12/2022	8:53:03	372.331	8.633	19.012	8.663	8.443	8.833
8/12/2022	8:53:04	373.33	8.636	19.013	8.666	8.445	8.833
8/12/2022	8:53:05	374.331	8.634	19.012	8.666	8.455	8.828
8/12/2022	8:53:06	375.33	8.635	19.013	8.666	8.45	8.829
8/12/2022	8:53:07	376.332	8.639	19.013	8.663	8.45	8.829
8/12/2022	8:53:08	377.332	8.631	19.015	8.664	8.448	8.83
8/12/2022	8:53:09	378.331	8.636	19.016	8.664	8.445	8.83
8/12/2022	8:53:10	379.33	8.637	19.016	8.667	8.445	8.832
8/12/2022	8:53:11	380.331	8.634	19.016	8.659	8.445	8.829
8/12/2022	8:53:12	381.33	8.639	19.014	8.662	8.448	8.836
8/12/2022	8:53:13	382.331	8.64	19.014	8.664	8.449	8.831
8/12/2022	8:53:14	383.331	8.639	19.015	8.663	8.448	8.834
8/12/2022	8:53:15	384.333	8.636	19.016	8.663	8.451	8.829
8/12/2022	8:53:16	385.334	8.636	19.016	8.661	8.448	8.825
8/12/2022	8:53:17	386.332	8.633	19.018	8.663	8.447	8.824
8/12/2022	8:53:18	387.333	8.63	19.018	8.659	8.452	8.834
8/12/2022	8:53:19	388.335	8.632	19.018	8.662	8.451	8.826
8/12/2022	8:53:20	389.333	8.632	19.017	8.662	8.446	8.827
8/12/2022	8:53:21	390.334	8.637	19.018	8.658	8.452	8.839
8/12/2022	8:53:22	391.334	8.632	19.019	8.658	8.444	8.828
8/12/2022	8:53:23	392.334	8.637	19.02	8.663	8.447	8.831
8/12/2022	8:53:24	393.333	8.633	19.022	8.666	8.451	8.828
8/12/2022	8:53:25	394.334	8.632	19.02	8.66	8.448	8.83
8/12/2022	8:53:26	395.334	8.635	19.018	8.666	8.453	8.828
8/12/2022	8:53:27	396.334	8.637	19.014	8.666	8.452	8.831
8/12/2022	8:53:28	397.336	8.636	19.015	8.661	8.449	8.834
8/12/2022	8:53:29	398.335	8.638	19.015	8.663	8.45	8.828
8/12/2022	8:53:30	399.334	8.636	19.019	8.669	8.449	8.829
8/12/2022	8:53:31	400.333	8.636	19.02	8.66	8.454	8.829
8/12/2022	8:53:32	401.337	8.639	19.019	8.658	8.447	8.832
8/12/2022	8:53:33	402.335	8.639	19.019	8.658	8.446	8.832
8/12/2022	8:53:34	403.334	8.635	19.019	8.662	8.454	8.832
8/12/2022	8:53:35	404.334	8.636	19.02	8.664	8.449	8.829
8/12/2022	8:53:36	405.335	8.639	19.018	8.664	8.451	8.83
8/12/2022	8:53:37	406.334	8.64	19.019	8.66	8.45	8.833
8/12/2022	8:53:38	407.334	8.635	19.017	8.66	8.445	8.829
8/12/2022	8:53:39	408.335	8.639	19.018	8.663	8.45	8.836
8/12/2022	8:53:40	409.334	8.637	19.019	8.662	8.451	8.828
8/12/2022	8:53:41	410.334	8.641	19.02	8.667	8.447	8.83
8/12/2022	8:53:42	411.335	8.643	19.02	8.663	8.449	8.83
8/12/2022	8:53:43	412.335	8.64	19.022	8.665	8.447	8.828
8/12/2022	8:53:44	413.334	8.637	19.021	8.66	8.452	8.835
8/12/2022	8:53:45	414.334	8.639	19.022	8.656	8.447	8.828
8/12/2022	8:53:46	415.335	8.641	19.02	8.655	8.453	8.828
8/12/2022	8:53:47	416.338	8.642	19.021	8.667	8.447	8.829
8/12/2022	8:53:48	417.335	8.645	19.022	8.667	8.449	8.828
8/12/2022	8:53:49	418.334	8.64	19.022	8.654	8.453	8.827
8/12/2022	8:53:50	419.343	8.637	19.024	8.663	8.446	8.831
8/12/2022	8:53:51	420.335	8.638	19.023	8.662	8.45	8.827
8/12/2022	8:53:52	421.336	8.635	19.025	8.66	8.444	8.826
8/12/2022	8:53:53	422.336	8.638	19.023	8.657	8.449	8.828
8/12/2022	8:53:54	423.337	8.635	19.023	8.664	8.448	8.828
8/12/2022	8:53:55	424.336	8.641	19.024	8.662	8.442	8.835
8/12/2022	8:53:56	425.338	8.641	19.025	8.666	8.444	8.829
8/12/2022	8:53:57	426.336	8.635	19.025	8.658	8.44	8.832
8/12/2022	8:53:58	427.337	8.641	19.025	8.662	8.449	8.834
8/12/2022	8:53:59	428.337	8.643	19.027	8.663	8.445	8.829
8/12/2022	8:54:00	429.337	8.638	19.026	8.659	8.448	8.829
8/12/2022	8:54:01	430.337	8.638	19.027	8.664	8.445	8.831
8/12/2022	8:54:02	431.337	8.64	19.026	8.662	8.44	8.83
8/12/2022	8:54:03	432.337	8.634	19.026	8.662	8.435	8.828
8/12/2022	8:54:04	433.337	8.639	19.026	8.659	8.446	8.832
8/12/2022	8:54:05	434.337	8.639	19.025	8.658	8.442	8.83
8/12/2022	8:54:06	435.338	8.639	19.025	8.66	8.44	8.831
8/12/2022	8:54:07	436.337	8.638	19.025	8.662	8.442	8.834
8/12/2022	8:54:08	437.336	8.637	19.025	8.661	8.439	8.829
8/12/2022	8:54:09	438.338	8.639	19.025	8.66	8.437	8.83
8/12/2022	8:54:10	439.34	8.638	19.029	8.665	8.442	8.831
8/12/2022	8:54:11	440.338	8.638	19.029	8.655	8.439	8.832
8/12/2022	8:54:12	441.339	8.634	19.033	8.655	8.44	8.828
8/12/2022	8:54:13	442.339	8.631	19.03	8.658	8.443	8.829
8/12/2022	8:54:14	443.338	8.638	19.032	8.656	8.441	8.827
8/12/2022	8:54:15	444.339	8.636	19.034	8.662	8.438	8.829
8/12/2022	8:54:16	445.339	8.636	19.032	8.66	8.442	8.831
8/12/2022	8:54:17	446.34	8.64	19.032	8.664	8.441	8.83
8/12/2022	8:54:18	447.34	8.637	19.032	8.658	8.443	8.828
8/12/2022	8:54:19	448.341	8.63	19.033	8.662	8.438	8.828
8/12/2022	8:54:20	449.341	8.636	19.031	8.664	8.445	8.831
8/12/2022	8:54:21	450.342	8.634	19.032	8.663	8.441	8.831
8/12/2022	8:54:22	451.342	8.637	19.03	8.656	8.443	8.827
8/12/2022	8:54:23	452.357	8.64	19.033	8.658	8.438	8.83
8/12/2022	8:54:24	453.342	8.634	19.031	8.661	8.443	8.831
8/12/2022	8:54:25	454.342	8.637	19.033	8.666	8.44	8.83
8/12/2022	8:54:26	455.344	8.639	19.034	8.657	8.44	8.829
8/12/2022	8:54:27	456.342	8.644	19.034	8.656	8.437	8.836
8/12/2022	8:54:28	457.345	8.641	19.033	8.657	8.438	8.836
8/12/2022	8:54:29	458.343	8.638	19.032	8.659	8.437	8.831
8/12/2022	8:54:30	459.342	8.632	19.034	8.662	8.437	8.83
8/12/2022	8:54:31	460.344	8.635	19.035	8.656	8.438	8.834
8/12/2022	8:54:32	461.342	8.632	19.036	8.663	8.438	8.829
8/12/2022	8:54:33	462.351	8.635	19.037	8.66	8.437	8.833
8/12/2022	8:54:34	463.343	8.638	19.036	8.652	8.437	8.829
8/12/2022	8:54:35	464.343	8.634	19.038	8.655	8.435	8.828
8/12/2022	8:54:36	465.344	8.639	19.037	8.659	8.436	8.827
8/12/2022	8:54:37	466.343	8.638	19.037	8.656	8.444	8.832
8/12/2022	8:54:38	467.344	8.638	19.039	8.662	8.438	8.831
8/12/2022	8:54:39	468.345	8.636	19.04	8.66	8.437	8.83
8/12/2022	8:54:40	469.369	8.637	19.039	8.659	8.439	8.834
8/12/2022	8:54:41	470.345	8.637	19.039	8.659	8.434	8.831
8/12/2022	8:54:42	471.344	8.643	19.036	8.659	8.441	8.829
8/12/2022	8:54:43	472.345	8.635	19.035	8.661	8.439	8.831
8/12/2022	8:54:44	473.344	8.64	19.036	8.66	8.438	8.832
8/12/2022	8:54:45	474.344	8.638	19.038	8.658	8.439	8.829
8/12/2022	8:54:46	475.344	8.631	19.043	8.655	8.44	8.828
8/12/2022	8:54:47	476.345	8.637	19.047	8.662	8.43	8.825
8/12/2022	8:54:48	477.345	8.634	19.048	8.657	8.437	8.828
8/12/2022	8:54:49	478.344	8.634	19.047	8.66	8.426	8.829
8/12/2022	8:54:50	479.345	8.634	19.046	8.657	8.432	8.831
8/12/2022	8:54:51	480.345	8.631	19.047	8.655	8.43	8.828
8/12/2022	8:54:52	481.345	8.632	19.05	8.653	8.431	8.83
8/12/2022	8:54:53	482.345	8.631	19.05	8.652	8.427	8.825
8/12/2022	8:54:54	483.346	8.623	19.051	8.653	8.429	8.824
8/12/2022	8:54:55	484.345	8.627	19.052	8.648	8.431	8.826
8/12/2022	8:54:56	485.348	8.626	19.053	8.644	8.424	8.827
8/12/2022	8:54:57	486.345	8.623	19.053	8.646	8.419	8.825
8/12/2022	8:54:58	487.345	8.626	19.055	8.646	8.424	8.825
8/12/2022	8:54:59	488.347	8.618	19.055	8.643	8.421	8.829
8/12/2022	8:55:00	489.346	8.625	19.054	8.645	8.414	8.829
8/12/2022	8:55:01	490.347	8.627	19.052	8.642	8.418	8.829
8/12/2022	8:55:02	491.349	8.623	19.051	8.643	8.414	8.828
8/12/2022	8:55:03	492.348	8.619	19.051	8.639	8.417	8.829
8/12/2022	8:55:04	493.348	8.621	19.054	8.638	8.416	8.826
8/12/2022	8:55:05	494.348	8.624	19.054	8.644	8.409	8.825
8/12/2022	8:55:06	495.348	8.615	19.052	8.639	8.409	8.829
8/12/2022	8:55:07	496.349	8.621	19.051	8.635	8.406	8.823
8/12/2022	8:55:08	497.347	8.608	19.051	8.635	8.403	8.833
8/12/2022	8:55:09	498.348	8.617	19.051	8.633	8.404	8.83
8/12/2022	8:55:10	499.348	8.612	19.053	8.633	8.402	8.827
8/12/2022	8:55:11	500.347	8.612	19.053	8.634	8.409	8.832
8/12/2022	8:55:12	501.356	8.608	19.054	8.63	8.404	8.827
8/12/2022	8:55:13	502.347	8.608	19.054	8.627	8.403	8.827
8/12/2022	8:55:14	503.347	8.607	19.054	8.627	8.397	8.83
8/12/2022	8:55:15	504.347	8.613	19.053	8.628	8.396	8.83
8/12/2022	8:55:16	505.347	8.606	19.055	8.628	8.397	8.829
8/12/2022	8:55:17	506.348	8.607	19.057	8.628	8.393	8.826
8/12/2022	8:55:18	507.347	8.605	19.056	8.626	8.389	8.822
8/12/2022	8:55:19	508.35	8.604	19.058	8.625	8.397	8.828
8/12/2022	8:55:20	509.349	8.6	19.059	8.623	8.392	8.829
8/12/2022	8:55:21	510.35	8.604	19.06	8.621	8.385	8.825
8/12/2022	8:55:22	511.35	8.602	19.061	8.623	8.382	8.827
8/12/2022	8:55:23	512.349	8.598	19.06	8.614	8.385	8.825
8/12/2022	8:55:24	513.349	8.6	19.063	8.616	8.386	8.826
8/12/2022	8:55:25	514.349	8.602	19.063	8.614	8.377	8.821
8/12/2022	8:55:26	515.349	8.597	19.062	8.616	8.376	8.824
8/12/2022	8:55:27	516.349	8.595	19.061	8.612	8.381	8.828
8/12/2022	8:55:28	517.348	8.593	19.062	8.616	8.376	8.82
8/12/2022	8:55:29	518.353	8.593	19.06	8.61	8.375	8.824
8/12/2022	8:55:30	519.348	8.592	19.061	8.613	8.376	8.827
8/12/2022	8:55:31	520.35	8.59	19.058	8.611	8.367	8.829
8/12/2022	8:55:32	521.349	8.593	19.056	8.612	8.374	8.83
8/12/2022	8:55:33	522.348	8.596	19.057	8.61	8.37	8.827
8/12/2022	8:55:34	523.35	8.589	19.057	8.615	8.366	8.821
8/12/2022	8:55:35	524.349	8.582	19.057	8.606	8.36	8.826
8/12/2022	8:55:36	525.349	8.585	19.057	8.604	8.363	8.823
8/12/2022	8:55:37	526.349	8.586	19.057	8.611	8.363	8.826
8/12/2022	8:55:38	527.351	8.583	19.059	8.598	8.356	8.824
8/12/2022	8:55:39	528.348	8.578	19.061	8.602	8.352	8.829
8/12/2022	8:55:40	529.348	8.578	19.061	8.6	8.351	8.826
8/12/2022	8:55:41	530.349	8.573	19.063	8.6	8.353	8.825
8/12/2022	8:55:42	531.349	8.571	19.063	8.599	8.349	8.826
8/12/2022	8:55:43	532.348	8.575	19.064	8.595	8.343	8.832
8/12/2022	8:55:44	533.349	8.57	19.063	8.592	8.342	8.826
8/12/2022	8:55:45	534.35	8.567	19.063	8.595	8.34	8.828
8/12/2022	8:55:46	535.361	8.566	19.064	8.593	8.343	8.826
8/12/2022	8:55:47	536.351	8.572	19.064	8.592	8.342	8.823
8/12/2022	8:55:48	537.35	8.571	19.064	8.593	8.336	8.826
8/12/2022	8:55:49	538.352	8.564	19.065	8.594	8.338	8.829
8/12/2022	8:55:50	539.353	8.563	19.065	8.59	8.334	8.825
8/12/2022	8:55:51	540.353	8.558	19.064	8.588	8.333	8.834
8/12/2022	8:55:52	541.353	8.562	19.064	8.588	8.331	8.826
8/12/2022	8:55:53	542.352	8.561	19.064	8.587	8.331	8.824
8/12/2022	8:55:54	543.352	8.558	19.064	8.582	8.331	8.827
8/12/2022	8:55:55	544.354	8.558	19.064	8.583	8.324	8.825
8/12/2022	8:55:56	545.355	8.552	19.065	8.581	8.323	8.829
8/12/2022	8:55:57	546.355	8.558	19.065	8.58	8.319	8.826
8/12/2022	8:55:58	547.356	8.555	19.064	8.582	8.317	8.826
8/12/2022	8:55:59	548.354	8.555	19.064	8.58	8.32	8.825
8/12/2022	8:56:00	549.355	8.549	19.065	8.578	8.316	8.824
8/12/2022	8:56:01	550.356	8.551	19.066	8.579	8.312	8.824
8/12/2022	8:56:02	551.357	8.548	19.067	8.576	8.315	8.829
8/12/2022	8:56:03	552.366	8.548	19.067	8.572	8.314	8.825
8/12/2022	8:56:04	553.356	8.545	19.067	8.576	8.308	8.829
8/12/2022	8:56:05	554.356	8.551	19.065	8.572	8.307	8.83
8/12/2022	8:56:06	555.356	8.545	19.065	8.571	8.302	8.828
8/12/2022	8:56:07	556.357	8.549	19.065	8.572	8.3	8.825
8/12/2022	8:56:08	557.369	8.543	19.066	8.568	8.302	8.826
8/12/2022	8:56:09	558.357	8.549	19.066	8.573	8.297	8.825
8/12/2022	8:56:10	559.358	8.542	19.067	8.562	8.293	8.825
8/12/2022	8:56:11	560.358	8.543	19.066	8.563	8.292	8.827
8/12/2022	8:56:12	561.357	8.537	19.067	8.562	8.297	8.822
8/12/2022	8:56:13	562.358	8.536	19.067	8.565	8.294	8.826
8/12/2022	8:56:14	563.357	8.538	19.068	8.558	8.291	8.825
8/12/2022	8:56:15	564.358	8.538	19.067	8.564	8.288	8.831
8/12/2022	8:56:16	565.359	8.531	19.069	8.56	8.29	8.825
8/12/2022	8:56:17	566.358	8.537	19.068	8.556	8.287	8.826
8/12/2022	8:56:18	567.358	8.535	19.068	8.554	8.286	8.825
8/12/2022	8:56:19	568.357	8.532	19.068	8.556	8.28	8.824
8/12/2022	8:56:20	569.369	8.53	19.068	8.557	8.28	8.828
8/12/2022	8:56:21	570.358	8.53	19.069	8.555	8.278	8.83
8/12/2022	8:56:22	571.358	8.526	19.071	8.551	8.274	8.826
8/12/2022	8:56:23	572.359	8.527	19.07	8.553	8.277	8.826
8/12/2022	8:56:24	573.36	8.526	19.07	8.555	8.275	8.824
8/12/2022	8:56:25	574.359	8.523	19.069	8.549	8.27	8.829
8/12/2022	8:56:26	575.359	8.524	19.07	8.547	8.271	8.825
8/12/2022	8:56:27	576.359	8.521	19.071	8.546	8.266	8.825
8/12/2022	8:56:28	577.359	8.521	19.074	8.548	8.263	8.829
8/12/2022	8:56:29	578.362	8.518	19.075	8.54	8.262	8.828
8/12/2022	8:56:30	579.361	8.522	19.072	8.543	8.262	8.83
8/12/2022	8:56:31	580.362	8.522	19.07	8.545	8.263	8.821
8/12/2022	8:56:32	581.364	8.514	19.07	8.545	8.261	8.829
8/12/2022	8:56:33	582.364	8.519	19.071	8.539	8.258	8.823
8/12/2022	8:56:34	583.363	8.522	19.07	8.543	8.257	8.825
8/12/2022	8:56:35	584.364	8.52	19.069	8.541	8.251	8.824
8/12/2022	8:56:36	585.365	8.513	19.068	8.539	8.258	8.823
8/12/2022	8:56:37	586.375	8.507	19.069	8.532	8.251	8.827
8/12/2022	8:56:38	587.365	8.517	19.068	8.534	8.251	8.825
8/12/2022	8:56:39	588.366	8.509	19.069	8.535	8.246	8.826
8/12/2022	8:56:40	589.367	8.509	19.069	8.532	8.248	8.828
8/12/2022	8:56:41	590.366	8.51	19.072	8.529	8.246	8.827
8/12/2022	8:56:42	591.366	8.507	19.071	8.533	8.245	8.826
8/12/2022	8:56:43	592.365	8.502	19.071	8.533	8.244	8.827
8/12/2022	8:56:44	593.365	8.51	19.072	8.529	8.237	8.829
8/12/2022	8:56:45	594.367	8.503	19.073	8.525	8.232	8.829
8/12/2022	8:56:46	595.365	8.498	19.074	8.527	8.232	8.825
8/12/2022	8:56:47	596.367	8.502	19.073	8.522	8.229	8.825
8/12/2022	8:56:48	597.365	8.501	19.074	8.522	8.233	8.827
8/12/2022	8:56:49	598.367	8.496	19.075	8.523	8.225	8.821
8/12/2022	8:56:50	599.392	8.495	19.075	8.524	8.227	8.822
8/12/2022	8:56:51	600.368	8.495	19.078	8.525	8.221	8.825
8/12/2022	8:56:52	601.37	8.498	19.078	8.517	8.223	8.824
8/12/2022	8:56:53	602.367	8.495	19.078	8.518	8.219	8.829
8/12/2022	8:56:54	603.367	8.489	19.077	8.517	8.217	8.825
8/12/2022	8:56:55	604.368	8.492	19.078	8.519	8.213	8.828
8/12/2022	8:56:56	605.368	8.491	19.076	8.522	8.215	8.828
8/12/2022	8:56:57	606.368	8.49	19.075	8.516	8.211	8.827
8/12/2022	8:56:58	607.37	8.489	19.075	8.518	8.212	8.829
8/12/2022	8:56:59	608.367	8.49	19.078	8.521	8.212	8.825
8/12/2022	8:57:00	609.368	8.486	19.077	8.51	8.206	8.83
8/12/2022	8:57:01	610.367	8.484	19.078	8.512	8.205	8.83
8/12/2022	8:57:02	611.368	8.479	19.076	8.521	8.209	8.825
8/12/2022	8:57:03	612.368	8.491	19.074	8.51	8.203	8.827
8/12/2022	8:57:04	613.391	8.48	19.076	8.506	8.199	8.828
8/12/2022	8:57:05	614.369	8.479	19.075	8.509	8.198	8.826
8/12/2022	8:57:06	615.378	8.482	19.076	8.506	8.199	8.826
8/12/2022	8:57:07	616.368	8.473	19.076	8.51	8.197	8.831
8/12/2022	8:57:08	617.369	8.473	19.078	8.507	8.196	8.83
8/12/2022	8:57:09	618.371	8.48	19.08	8.502	8.195	8.825
8/12/2022	8:57:10	619.371	8.477	19.081	8.499	8.189	8.826
8/12/2022	8:57:11	620.369	8.473	19.081	8.504	8.191	8.828
8/12/2022	8:57:12	621.37	8.479	19.08	8.496	8.188	8.824
8/12/2022	8:57:13	622.372	8.466	19.081	8.498	8.187	8.822
8/12/2022	8:57:14	623.371	8.469	19.08	8.495	8.179	8.827
8/12/2022	8:57:15	624.372	8.47	19.08	8.499	8.181	8.823
8/12/2022	8:57:16	625.375	8.468	19.08	8.492	8.179	8.823
8/12/2022	8:57:17	626.375	8.467	19.082	8.495	8.174	8.823
8/12/2022	8:57:18	627.374	8.463	19.083	8.494	8.173	8.825
8/12/2022	8:57:19	628.375	8.462	19.084	8.491	8.178	8.824
8/12/2022	8:57:20	629.374	8.464	19.084	8.491	8.174	8.827
8/12/2022	8:57:21	630.374	8.459	19.084	8.49	8.167	8.828
8/12/2022	8:57:22	631.373	8.463	19.085	8.491	8.171	8.824
8/12/2022	8:57:23	632.375	8.459	19.085	8.49	8.159	8.821
8/12/2022	8:57:24	633.385	8.453	19.086	8.487	8.161	8.825
8/12/2022	8:57:25	634.374	8.46	19.084	8.488	8.157	8.826
8/12/2022	8:57:26	635.376	8.456	19.083	8.488	8.164	8.822
8/12/2022	8:57:27	636.375	8.454	19.084	8.489	8.16	8.829
8/12/2022	8:57:28	637.375	8.457	19.084	8.485	8.165	8.827
8/12/2022	8:57:29	638.374	8.452	19.085	8.48	8.158	8.825
8/12/2022	8:57:30	639.375	8.454	19.087	8.476	8.151	8.821
8/12/2022	8:57:31	640.376	8.453	19.087	8.48	8.156	8.823
8/12/2022	8:57:32	641.375	8.448	19.084	8.479	8.149	8.825
8/12/2022	8:57:33	642.376	8.446	19.083	8.482	8.152	8.825
8/12/2022	8:57:34	643.376	8.444	19.083	8.477	8.143	8.824
8/12/2022	8:57:35	644.379	8.447	19.087	8.475	8.142	8.828
8/12/2022	8:57:36	645.376	8.441	19.087	8.476	8.146	8.825
8/12/2022	8:57:37	646.377	8.441	19.086	8.472	8.143	8.825
8/12/2022	8:57:38	647.376	8.444	19.085	8.473	8.141	8.821
8/12/2022	8:57:39	648.377	8.441	19.085	8.472	8.146	8.83
8/12/2022	8:57:40	649.376	8.439	19.085	8.465	8.139	8.832
8/12/2022	8:57:41	650.377	8.446	19.085	8.468	8.136	8.828
8/12/2022	8:57:42	651.394	8.437	19.085	8.472	8.133	8.825
8/12/2022	8:57:43	652.376	8.436	19.084	8.467	8.132	8.831
8/12/2022	8:57:44	653.377	8.436	19.086	8.463	8.134	8.821
8/12/2022	8:57:45	654.378	8.434	19.086	8.464	8.131	8.827
8/12/2022	8:57:46	655.378	8.428	19.085	8.466	8.134	8.822
8/12/2022	8:57:47	656.379	8.432	19.085	8.463	8.129	8.826
8/12/2022	8:57:48	657.38	8.435	19.085	8.46	8.131	8.825
8/12/2022	8:57:49	658.379	8.433	19.087	8.458	8.124	8.827
8/12/2022	8:57:50	659.379	8.434	19.089	8.457	8.12	8.825
8/12/2022	8:57:51	660.379	8.431	19.089	8.458	8.126	8.82
8/12/2022	8:57:52	661.379	8.432	19.09	8.458	8.114	8.823
8/12/2022	8:57:53	662.379	8.427	19.091	8.457	8.117	8.822
8/12/2022	8:57:54	663.38	8.428	19.094	8.455	8.119	8.821
8/12/2022	8:57:55	664.381	8.42	19.097	8.457	8.111	8.822
8/12/2022	8:57:56	665.38	8.418	19.097	8.456	8.111	8.824
8/12/2022	8:57:57	666.381	8.422	19.096	8.453	8.111	8.826
8/12/2022	8:57:58	667.38	8.417	19.092	8.455	8.108	8.822
8/12/2022	8:57:59	668.381	8.418	19.093	8.451	8.108	8.827
8/12/2022	8:58:00	669.379	8.421	19.093	8.456	8.106	8.825
8/12/2022	8:58:01	670.38	8.417	19.095	8.454	8.099	8.824
8/12/2022	8:58:02	671.419	8.417	19.096	8.45	8.098	8.819
8/12/2022	8:58:03	672.38	8.409	19.094	8.448	8.101	8.819
8/12/2022	8:58:04	673.381	8.415	19.093	8.448	8.095	8.824
8/12/2022	8:58:05	674.38	8.412	19.092	8.445	8.1	8.821
8/12/2022	8:58:06	675.381	8.411	19.094	8.448	8.098	8.826
8/12/2022	8:58:07	676.381	8.406	19.094	8.443	8.09	8.819
8/12/2022	8:58:08	677.382	8.404	19.095	8.441	8.091	8.826
8/12/2022	8:58:09	678.381	8.405	19.096	8.439	8.096	8.823
8/12/2022	8:58:10	679.381	8.406	19.095	8.439	8.088	8.821
8/12/2022	8:58:11	680.382	8.4	19.095	8.439	8.088	8.82
8/12/2022	8:58:12	681.383	8.402	19.093	8.442	8.086	8.818
8/12/2022	8:58:13	682.383	8.404	19.093	8.445	8.083	8.823
8/12/2022	8:58:14	683.382	8.402	19.093	8.436	8.083	8.816
8/12/2022	8:58:15	684.382	8.397	19.096	8.435	8.081	8.818
8/12/2022	8:58:16	685.391	8.402	19.095	8.433	8.085	8.818
8/12/2022	8:58:17	686.386	8.397	19.095	8.434	8.079	8.825
8/12/2022	8:58:18	687.383	8.394	19.096	8.432	8.076	8.827
8/12/2022	8:58:19	688.384	8.397	19.095	8.432	8.077	8.824
8/12/2022	8:58:20	689.383	8.4	19.097	8.437	8.072	8.826
8/12/2022	8:58:21	690.383	8.397	19.098	8.434	8.068	8.821
8/12/2022	8:58:22	691.385	8.393	19.098	8.426	8.072	8.824
8/12/2022	8:58:23	692.384	8.391	19.098	8.429	8.065	8.823
8/12/2022	8:58:24	693.386	8.394	19.096	8.429	8.064	8.822
8/12/2022	8:58:25	694.384	8.387	19.095	8.427	8.063	8.824
8/12/2022	8:58:26	695.386	8.394	19.096	8.426	8.061	8.823
8/12/2022	8:58:27	696.386	8.394	19.097	8.427	8.064	8.826
8/12/2022	8:58:28	697.385	8.385	19.096	8.426	8.06	8.827
8/12/2022	8:58:29	698.386	8.385	19.094	8.421	8.059	8.828
8/12/2022	8:58:30	699.386	8.395	19.092	8.421	8.061	8.82
8/12/2022	8:58:31	700.385	8.381	19.094	8.42	8.055	8.821
8/12/2022	8:58:32	701.387	8.388	19.096	8.422	8.053	8.825
8/12/2022	8:58:33	702.386	8.383	19.099	8.417	8.051	8.823
8/12/2022	8:58:34	703.389	8.38	19.099	8.418	8.05	8.827
8/12/2022	8:58:35	704.389	8.377	19.097	8.418	8.051	8.822
8/12/2022	8:58:36	705.392	8.379	19.097	8.419	8.046	8.822
8/12/2022	8:58:37	706.388	8.375	19.097	8.417	8.039	8.826
8/12/2022	8:58:38	707.39	8.372	19.097	8.414	8.052	8.818
8/12/2022	8:58:39	708.389	8.379	19.098	8.415	8.048	8.823
8/12/2022	8:58:40	709.39	8.376	19.098	8.413	8.037	8.828
