date	time	time_sec	Ch1_O2	Ch1_temp	Ch2_O2	Ch3_O2	Ch4_O2
9/8/2022	10:47:06	0.818	8.918	16.637	8.682	8.71	9.125
9/8/2022	10:47:07	1.815	8.918	16.636	8.682	8.711	9.126
9/8/2022	10:47:08	2.819	8.917	16.635	8.679	8.708	9.129
9/8/2022	10:47:09	3.82	8.912	16.633	8.678	8.706	9.125
9/8/2022	10:47:10	4.817	8.913	16.634	8.681	8.711	9.123
9/8/2022	10:47:11	5.818	8.914	16.632	8.682	8.71	9.13
9/8/2022	10:47:12	6.819	8.908	16.634	8.679	8.708	9.123
9/8/2022	10:47:13	7.818	8.907	16.638	8.679	8.706	9.119
9/8/2022	10:47:14	8.82	8.914	16.643	8.678	8.705	9.126
9/8/2022	10:47:15	9.82	8.91	16.646	8.678	8.701	9.121
9/8/2022	10:47:16	10.818	8.91	16.643	8.674	8.701	9.127
9/8/2022	10:47:17	11.819	8.915	16.639	8.677	8.698	9.122
9/8/2022	10:47:18	12.82	8.912	16.639	8.682	8.704	9.133
9/8/2022	10:47:19	13.82	8.912	16.638	8.673	8.699	9.124
9/8/2022	10:47:20	14.821	8.911	16.638	8.679	8.693	9.125
9/8/2022	10:47:21	15.82	8.914	16.638	8.681	8.7	9.13
9/8/2022	10:47:22	16.821	8.913	16.637	8.676	8.699	9.126
9/8/2022	10:47:23	17.821	8.917	16.636	8.673	8.693	9.128
9/8/2022	10:47:24	18.82	8.909	16.638	8.675	8.691	9.124
9/8/2022	10:47:25	19.82	8.915	16.637	8.676	8.693	9.125
9/8/2022	10:47:26	20.822	8.91	16.638	8.676	8.688	9.125
9/8/2022	10:47:27	21.821	8.913	16.638	8.674	8.694	9.128
9/8/2022	10:47:28	22.827	8.91	16.638	8.675	8.69	9.126
9/8/2022	10:47:29	23.823	8.91	16.638	8.67	8.692	9.132
9/8/2022	10:47:30	24.821	8.919	16.636	8.673	8.687	9.126
9/8/2022	10:47:31	25.841	8.911	16.634	8.674	8.688	9.129
9/8/2022	10:47:32	26.822	8.908	16.634	8.67	8.684	9.127
9/8/2022	10:47:33	27.823	8.909	16.636	8.67	8.682	9.124
9/8/2022	10:47:34	28.827	8.907	16.639	8.664	8.68	9.128
9/8/2022	10:47:35	29.822	8.906	16.64	8.662	8.679	9.126
9/8/2022	10:47:36	30.822	8.901	16.64	8.67	8.685	9.122
9/8/2022	10:47:37	31.822	8.905	16.64	8.667	8.681	9.122
9/8/2022	10:47:38	32.823	8.901	16.64	8.668	8.673	9.13
9/8/2022	10:47:39	33.826	8.904	16.643	8.665	8.68	9.124
9/8/2022	10:47:40	34.823	8.902	16.643	8.66	8.681	9.121
9/8/2022	10:47:41	35.823	8.904	16.641	8.667	8.673	9.129
9/8/2022	10:47:42	36.84	8.908	16.639	8.662	8.675	9.126
9/8/2022	10:47:43	37.822	8.908	16.639	8.672	8.677	9.122
9/8/2022	10:47:44	38.824	8.901	16.642	8.663	8.671	9.122
9/8/2022	10:47:45	39.823	8.904	16.642	8.663	8.671	9.125
9/8/2022	10:47:46	40.822	8.905	16.642	8.662	8.666	9.129
9/8/2022	10:47:47	41.823	8.901	16.64	8.662	8.666	9.126
9/8/2022	10:47:48	42.825	8.899	16.642	8.664	8.667	9.126
9/8/2022	10:47:49	43.825	8.899	16.645	8.664	8.668	9.128
9/8/2022	10:47:50	44.825	8.899	16.644	8.66	8.666	9.126
9/8/2022	10:47:51	45.826	8.902	16.644	8.66	8.671	9.126
9/8/2022	10:47:52	46.826	8.9	16.644	8.66	8.661	9.126
9/8/2022	10:47:53	47.828	8.898	16.646	8.659	8.663	9.125
9/8/2022	10:47:54	48.826	8.899	16.648	8.652	8.664	9.127
9/8/2022	10:47:55	49.828	8.9	16.647	8.663	8.664	9.127
9/8/2022	10:47:56	50.834	8.897	16.646	8.66	8.654	9.126
9/8/2022	10:47:57	51.829	8.896	16.646	8.659	8.657	9.13
9/8/2022	10:47:58	52.827	8.897	16.646	8.651	8.662	9.129
9/8/2022	10:47:59	53.828	8.895	16.645	8.657	8.656	9.133
9/8/2022	10:48:00	54.834	8.902	16.643	8.658	8.652	9.128
9/8/2022	10:48:01	55.829	8.898	16.64	8.653	8.654	9.13
9/8/2022	10:48:02	56.829	8.896	16.636	8.653	8.651	9.132
9/8/2022	10:48:03	57.83	8.903	16.637	8.658	8.656	9.127
9/8/2022	10:48:04	58.83	8.896	16.639	8.654	8.661	9.132
9/8/2022	10:48:05	59.831	8.893	16.64	8.654	8.653	9.131
9/8/2022	10:48:06	60.831	8.895	16.64	8.658	8.649	9.127
9/8/2022	10:48:07	61.832	8.894	16.64	8.656	8.647	9.13
9/8/2022	10:48:08	62.832	8.894	16.644	8.655	8.651	9.127
9/8/2022	10:48:09	63.832	8.897	16.647	8.655	8.646	9.125
9/8/2022	10:48:10	64.834	8.889	16.647	8.654	8.64	9.13
9/8/2022	10:48:11	65.832	8.896	16.646	8.645	8.64	9.13
9/8/2022	10:48:12	66.879	8.897	16.644	8.655	8.647	9.127
9/8/2022	10:48:13	67.835	8.894	16.643	8.649	8.643	9.129
9/8/2022	10:48:14	68.837	8.89	16.643	8.649	8.642	9.124
9/8/2022	10:48:15	69.835	8.893	16.645	8.648	8.637	9.124
9/8/2022	10:48:16	70.835	8.89	16.645	8.654	8.636	9.125
9/8/2022	10:48:17	71.834	8.891	16.647	8.649	8.633	9.127
9/8/2022	10:48:18	72.836	8.894	16.647	8.652	8.638	9.126
9/8/2022	10:48:19	73.837	8.897	16.647	8.649	8.632	9.125
9/8/2022	10:48:20	74.837	8.893	16.647	8.646	8.625	9.123
9/8/2022	10:48:21	75.837	8.892	16.65	8.647	8.627	9.126
9/8/2022	10:48:22	76.838	8.891	16.649	8.65	8.627	9.128
9/8/2022	10:48:23	77.837	8.888	16.649	8.645	8.622	9.124
9/8/2022	10:48:24	78.836	8.892	16.648	8.647	8.626	9.126
9/8/2022	10:48:25	79.856	8.891	16.646	8.646	8.625	9.127
9/8/2022	10:48:26	80.838	8.887	16.645	8.64	8.627	9.122
9/8/2022	10:48:27	81.839	8.889	16.643	8.645	8.626	9.124
9/8/2022	10:48:28	82.84	8.883	16.644	8.646	8.62	9.128
9/8/2022	10:48:29	83.836	8.895	16.647	8.648	8.617	9.121
9/8/2022	10:48:30	84.837	8.888	16.653	8.642	8.624	9.126
9/8/2022	10:48:31	85.838	8.881	16.656	8.641	8.612	9.122
9/8/2022	10:48:32	86.839	8.889	16.654	8.638	8.613	9.128
9/8/2022	10:48:33	87.839	8.887	16.653	8.637	8.615	9.12
9/8/2022	10:48:34	88.839	8.893	16.651	8.642	8.612	9.125
9/8/2022	10:48:35	89.838	8.885	16.652	8.644	8.615	9.124
9/8/2022	10:48:36	90.836	8.887	16.65	8.638	8.606	9.129
9/8/2022	10:48:37	91.838	8.882	16.646	8.639	8.613	9.128
9/8/2022	10:48:38	92.852	8.886	16.643	8.642	8.613	9.129
9/8/2022	10:48:39	93.841	8.884	16.644	8.638	8.613	9.123
9/8/2022	10:48:40	94.839	8.884	16.644	8.642	8.607	9.127
9/8/2022	10:48:41	95.84	8.889	16.644	8.635	8.608	9.125
9/8/2022	10:48:42	96.839	8.891	16.645	8.641	8.613	9.124
9/8/2022	10:48:43	97.841	8.883	16.648	8.637	8.604	9.129
9/8/2022	10:48:44	98.839	8.882	16.651	8.636	8.605	9.125
9/8/2022	10:48:45	99.84	8.89	16.65	8.638	8.6	9.128
9/8/2022	10:48:46	100.843	8.883	16.646	8.637	8.604	9.126
9/8/2022	10:48:47	101.841	8.89	16.647	8.632	8.604	9.13
9/8/2022	10:48:48	102.841	8.883	16.648	8.632	8.606	9.124
9/8/2022	10:48:49	103.845	8.881	16.647	8.634	8.594	9.131
9/8/2022	10:48:50	104.856	8.887	16.645	8.634	8.599	9.124
9/8/2022	10:48:51	105.84	8.886	16.642	8.63	8.603	9.128
9/8/2022	10:48:52	106.841	8.884	16.641	8.631	8.602	9.129
9/8/2022	10:48:53	107.846	8.889	16.645	8.638	8.593	9.126
9/8/2022	10:48:54	108.844	8.884	16.644	8.638	8.593	9.129
9/8/2022	10:48:55	109.844	8.885	16.646	8.636	8.593	9.131
9/8/2022	10:48:56	110.843	8.88	16.645	8.636	8.591	9.125
9/8/2022	10:48:57	111.846	8.882	16.646	8.638	8.592	9.131
9/8/2022	10:48:58	112.844	8.873	16.651	8.635	8.587	9.125
9/8/2022	10:48:59	113.846	8.878	16.652	8.636	8.592	9.12
9/8/2022	10:49:00	114.846	8.878	16.65	8.63	8.587	9.129
9/8/2022	10:49:01	115.847	8.883	16.648	8.636	8.585	9.132
9/8/2022	10:49:02	116.846	8.879	16.648	8.631	8.588	9.129
9/8/2022	10:49:03	117.847	8.876	16.647	8.635	8.585	9.13
9/8/2022	10:49:04	118.846	8.878	16.648	8.633	8.58	9.129
9/8/2022	10:49:05	119.847	8.882	16.649	8.634	8.581	9.134
9/8/2022	10:49:06	120.848	8.875	16.652	8.627	8.575	9.131
9/8/2022	10:49:07	121.853	8.874	16.651	8.635	8.572	9.125
9/8/2022	10:49:08	122.859	8.883	16.65	8.627	8.577	9.13
9/8/2022	10:49:09	123.855	8.876	16.648	8.633	8.57	9.13
9/8/2022	10:49:10	124.854	8.878	16.649	8.633	8.576	9.13
9/8/2022	10:49:11	125.857	8.873	16.65	8.631	8.568	9.129
9/8/2022	10:49:12	126.857	8.871	16.649	8.628	8.576	9.13
9/8/2022	10:49:13	127.859	8.878	16.649	8.624	8.574	9.126
9/8/2022	10:49:14	128.855	8.881	16.646	8.628	8.572	9.126
9/8/2022	10:49:15	129.855	8.874	16.646	8.631	8.573	9.13
9/8/2022	10:49:16	130.855	8.872	16.649	8.628	8.572	9.126
9/8/2022	10:49:17	131.856	8.873	16.652	8.628	8.568	9.13
9/8/2022	10:49:18	132.858	8.871	16.653	8.625	8.563	9.131
9/8/2022	10:49:19	133.858	8.874	16.653	8.625	8.564	9.128
9/8/2022	10:49:20	134.859	8.872	16.655	8.624	8.565	9.126
9/8/2022	10:49:21	135.86	8.874	16.653	8.626	8.563	9.122
9/8/2022	10:49:22	136.864	8.875	16.653	8.628	8.565	9.129
9/8/2022	10:49:23	137.86	8.876	16.651	8.626	8.562	9.129
9/8/2022	10:49:24	138.861	8.875	16.65	8.625	8.557	9.131
9/8/2022	10:49:25	139.874	8.868	16.65	8.632	8.557	9.122
9/8/2022	10:49:26	140.863	8.869	16.651	8.625	8.561	9.124
9/8/2022	10:49:27	141.86	8.867	16.654	8.628	8.554	9.121
9/8/2022	10:49:28	142.86	8.875	16.658	8.621	8.557	9.125
9/8/2022	10:49:29	143.86	8.873	16.665	8.626	8.551	9.122
9/8/2022	10:49:30	144.861	8.87	16.668	8.624	8.546	9.126
9/8/2022	10:49:31	145.863	8.868	16.67	8.626	8.545	9.125
9/8/2022	10:49:32	146.861	8.876	16.668	8.619	8.541	9.125
9/8/2022	10:49:33	147.863	8.877	16.667	8.616	8.548	9.12
9/8/2022	10:49:34	148.864	8.875	16.67	8.62	8.547	9.126
9/8/2022	10:49:35	149.862	8.878	16.674	8.618	8.543	9.125
9/8/2022	10:49:36	150.863	8.896	16.677	8.616	8.535	9.121
9/8/2022	10:49:37	151.864	8.904	16.677	8.616	8.54	9.12
9/8/2022	10:49:38	152.862	8.911	16.679	8.618	8.538	9.119
9/8/2022	10:49:39	153.861	8.928	16.681	8.618	8.533	9.119
9/8/2022	10:49:40	154.862	8.933	16.683	8.62	8.536	9.12
9/8/2022	10:49:41	155.864	8.945	16.684	8.615	8.532	9.122
9/8/2022	10:49:42	156.863	8.95	16.68	8.616	8.532	9.124
9/8/2022	10:49:43	157.868	8.956	16.675	8.614	8.522	9.123
9/8/2022	10:49:44	158.865	8.962	16.672	8.62	8.531	9.122
9/8/2022	10:49:45	159.863	8.964	16.67	8.621	8.532	9.124
9/8/2022	10:49:46	160.866	8.971	16.671	8.614	8.527	9.121
9/8/2022	10:49:47	161.866	8.98	16.671	8.613	8.528	9.123
9/8/2022	10:49:48	162.867	8.984	16.677	8.609	8.527	9.122
9/8/2022	10:49:49	163.865	8.992	16.679	8.611	8.524	9.12
9/8/2022	10:49:50	164.868	8.996	16.683	8.618	8.52	9.122
9/8/2022	10:49:51	165.866	9.006	16.68	8.613	8.52	9.124
9/8/2022	10:49:52	166.867	9.014	16.678	8.631	8.519	9.121
9/8/2022	10:49:53	167.867	9.022	16.679	8.635	8.513	9.122
9/8/2022	10:49:54	168.87	9.029	16.682	8.646	8.517	9.116
9/8/2022	10:49:55	169.869	9.031	16.683	8.657	8.518	9.117
9/8/2022	10:49:56	170.868	9.039	16.68	8.675	8.516	9.12
9/8/2022	10:49:57	171.868	9.038	16.677	8.691	8.511	9.121
9/8/2022	10:49:58	172.868	9.04	16.676	8.703	8.512	9.117
9/8/2022	10:49:59	173.869	9.039	16.678	8.718	8.512	9.121
9/8/2022	10:50:00	174.868	9.043	16.681	8.72	8.508	9.123
9/8/2022	10:50:01	175.869	9.048	16.683	8.731	8.508	9.12
9/8/2022	10:50:02	176.874	9.043	16.685	8.745	8.502	9.117
9/8/2022	10:50:03	177.868	9.044	16.686	8.753	8.509	9.122
9/8/2022	10:50:04	178.868	9.042	16.688	8.759	8.503	9.122
9/8/2022	10:50:05	179.868	9.048	16.692	8.766	8.503	9.12
9/8/2022	10:50:06	180.868	9.048	16.694	8.784	8.499	9.116
9/8/2022	10:50:07	181.869	9.043	16.696	8.787	8.498	9.118
9/8/2022	10:50:08	182.871	9.046	16.696	8.793	8.493	9.114
9/8/2022	10:50:09	183.868	9.044	16.695	8.795	8.493	9.114
9/8/2022	10:50:10	184.87	9.051	16.694	8.806	8.491	9.124
9/8/2022	10:50:11	185.87	9.045	16.693	8.814	8.493	9.115
9/8/2022	10:50:12	186.869	9.045	16.694	8.816	8.494	9.114
9/8/2022	10:50:13	187.869	9.046	16.696	8.832	8.487	9.119
9/8/2022	10:50:14	188.872	9.045	16.7	8.835	8.489	9.113
9/8/2022	10:50:15	189.871	9.043	16.703	8.842	8.48	9.113
9/8/2022	10:50:16	190.869	9.048	16.703	8.85	8.485	9.116
9/8/2022	10:50:17	191.869	9.045	16.703	8.859	8.479	9.115
9/8/2022	10:50:18	192.872	9.046	16.7	8.865	8.479	9.113
9/8/2022	10:50:19	193.87	9.051	16.699	8.877	8.48	9.116
9/8/2022	10:50:20	194.869	9.043	16.697	8.872	8.481	9.116
9/8/2022	10:50:21	195.877	9.051	16.698	8.88	8.478	9.115
9/8/2022	10:50:22	196.87	9.053	16.698	8.885	8.471	9.115
9/8/2022	10:50:23	197.869	9.049	16.701	8.885	8.469	9.115
9/8/2022	10:50:24	198.87	9.047	16.701	8.894	8.473	9.112
9/8/2022	10:50:25	199.871	9.049	16.7	8.899	8.475	9.114
9/8/2022	10:50:26	200.871	9.052	16.698	8.899	8.47	9.112
9/8/2022	10:50:27	201.871	9.056	16.698	8.897	8.468	9.12
9/8/2022	10:50:28	202.871	9.056	16.698	8.904	8.472	9.119
9/8/2022	10:50:29	203.872	9.048	16.697	8.907	8.468	9.118
9/8/2022	10:50:30	204.873	9.049	16.696	8.907	8.467	9.117
9/8/2022	10:50:31	205.876	9.042	16.7	8.917	8.467	9.113
9/8/2022	10:50:32	206.872	9.05	16.702	8.913	8.466	9.114
9/8/2022	10:50:33	207.872	9.052	16.702	8.916	8.462	9.114
9/8/2022	10:50:34	208.872	9.057	16.7	8.918	8.461	9.116
9/8/2022	10:50:35	209.872	9.055	16.698	8.919	8.461	9.119
9/8/2022	10:50:36	210.874	9.054	16.697	8.918	8.464	9.109
9/8/2022	10:50:37	211.873	9.052	16.702	8.918	8.458	9.115
9/8/2022	10:50:38	212.872	9.054	16.702	8.91	8.455	9.114
9/8/2022	10:50:39	213.873	9.055	16.703	8.916	8.456	9.113
9/8/2022	10:50:40	214.89	9.051	16.7	8.918	8.453	9.114
9/8/2022	10:50:41	215.874	9.059	16.697	8.919	8.458	9.113
9/8/2022	10:50:42	216.873	9.061	16.695	8.914	8.454	9.123
9/8/2022	10:50:43	217.874	9.063	16.694	8.922	8.454	9.121
9/8/2022	10:50:44	218.873	9.066	16.694	8.926	8.46	9.118
9/8/2022	10:50:45	219.874	9.067	16.694	8.916	8.456	9.124
9/8/2022	10:50:46	220.875	9.066	16.696	8.921	8.453	9.12
9/8/2022	10:50:47	221.877	9.058	16.697	8.919	8.452	9.12
9/8/2022	10:50:48	222.874	9.065	16.697	8.923	8.442	9.122
9/8/2022	10:50:49	223.874	9.064	16.693	8.925	8.444	9.117
9/8/2022	10:50:50	224.875	9.065	16.694	8.929	8.444	9.121
9/8/2022	10:50:51	225.876	9.071	16.693	8.923	8.445	9.124
9/8/2022	10:50:52	226.875	9.067	16.693	8.93	8.441	9.119
9/8/2022	10:50:53	227.875	9.063	16.695	8.925	8.446	9.122
9/8/2022	10:50:54	228.877	9.053	16.698	8.933	8.432	9.121
9/8/2022	10:50:55	229.875	9.056	16.699	8.927	8.437	9.12
9/8/2022	10:50:56	230.876	9.066	16.699	8.933	8.441	9.121
9/8/2022	10:50:57	231.877	9.057	16.697	8.935	8.437	9.121
9/8/2022	10:50:58	232.877	9.059	16.697	8.933	8.436	9.114
9/8/2022	10:50:59	233.884	9.061	16.697	8.937	8.439	9.121
9/8/2022	10:51:00	234.876	9.067	16.699	8.929	8.434	9.123
9/8/2022	10:51:01	235.878	9.054	16.698	8.935	8.432	9.123
9/8/2022	10:51:02	236.886	9.069	16.697	8.932	8.429	9.115
9/8/2022	10:51:03	237.881	9.062	16.697	8.933	8.431	9.12
9/8/2022	10:51:04	238.88	9.069	16.7	8.925	8.428	9.12
9/8/2022	10:51:05	239.883	9.069	16.705	8.931	8.42	9.123
9/8/2022	10:51:06	240.885	9.066	16.708	8.937	8.415	9.11
9/8/2022	10:51:07	241.884	9.07	16.71	8.935	8.423	9.118
9/8/2022	10:51:08	242.885	9.069	16.71	8.936	8.424	9.113
9/8/2022	10:51:09	243.883	9.065	16.709	8.93	8.418	9.116
9/8/2022	10:51:10	244.883	9.067	16.71	8.936	8.42	9.117
9/8/2022	10:51:11	245.884	9.068	16.71	8.936	8.426	9.113
9/8/2022	10:51:12	246.887	9.067	16.71	8.937	8.424	9.112
9/8/2022	10:51:13	247.883	9.064	16.706	8.936	8.429	9.107
9/8/2022	10:51:14	248.884	9.069	16.705	8.936	8.433	9.109
9/8/2022	10:51:15	249.884	9.07	16.705	8.938	8.436	9.116
9/8/2022	10:51:16	250.883	9.069	16.707	8.936	8.442	9.114
9/8/2022	10:51:17	251.882	9.075	16.708	8.931	8.436	9.118
9/8/2022	10:51:18	252.897	9.07	16.708	8.934	8.443	9.113
9/8/2022	10:51:19	253.884	9.068	16.708	8.936	8.448	9.114
9/8/2022	10:51:20	254.884	9.071	16.709	8.934	8.45	9.115
9/8/2022	10:51:21	255.884	9.066	16.709	8.934	8.452	9.111
9/8/2022	10:51:22	256.884	9.067	16.708	8.931	8.451	9.11
9/8/2022	10:51:23	257.884	9.066	16.709	8.925	8.458	9.115
9/8/2022	10:51:24	258.883	9.064	16.708	8.929	8.46	9.112
9/8/2022	10:51:25	259.884	9.069	16.71	8.929	8.458	9.12
9/8/2022	10:51:26	260.884	9.067	16.71	8.932	8.465	9.112
9/8/2022	10:51:27	261.884	9.069	16.711	8.932	8.472	9.109
9/8/2022	10:51:28	262.885	9.06	16.71	8.929	8.475	9.109
9/8/2022	10:51:29	263.884	9.063	16.711	8.927	8.476	9.113
9/8/2022	10:51:30	264.884	9.07	16.713	8.933	8.475	9.114
9/8/2022	10:51:31	265.886	9.068	16.711	8.93	8.485	9.116
9/8/2022	10:51:32	266.888	9.066	16.71	8.927	8.484	9.114
9/8/2022	10:51:33	267.885	9.069	16.706	8.937	8.488	9.112
9/8/2022	10:51:34	268.886	9.072	16.705	8.933	8.491	9.112
9/8/2022	10:51:35	269.887	9.07	16.705	8.925	8.492	9.114
9/8/2022	10:51:36	270.887	9.069	16.707	8.93	8.5	9.119
9/8/2022	10:51:37	271.906	9.071	16.71	8.925	8.502	9.111
9/8/2022	10:51:38	272.891	9.068	16.713	8.927	8.505	9.11
9/8/2022	10:51:39	273.89	9.071	16.714	8.93	8.504	9.109
9/8/2022	10:51:40	274.888	9.07	16.713	8.929	8.508	9.112
9/8/2022	10:51:41	275.889	9.06	16.712	8.932	8.508	9.106
9/8/2022	10:51:42	276.888	9.072	16.712	8.938	8.506	9.113
9/8/2022	10:51:43	277.889	9.067	16.713	8.931	8.517	9.112
9/8/2022	10:51:44	278.889	9.068	16.714	8.931	8.518	9.11
9/8/2022	10:51:45	279.89	9.067	16.713	8.928	8.518	9.104
9/8/2022	10:51:46	280.893	9.068	16.714	8.927	8.519	9.113
9/8/2022	10:51:47	281.89	9.069	16.716	8.931	8.517	9.11
9/8/2022	10:51:48	282.89	9.063	16.721	8.933	8.525	9.106
9/8/2022	10:51:49	283.89	9.068	16.724	8.928	8.527	9.11
9/8/2022	10:51:50	284.891	9.07	16.722	8.923	8.524	9.11
9/8/2022	10:51:51	285.893	9.074	16.719	8.924	8.528	9.104
9/8/2022	10:51:52	286.891	9.066	16.718	8.93	8.528	9.109
9/8/2022	10:51:53	287.891	9.069	16.717	8.934	8.529	9.106
9/8/2022	10:51:54	288.891	9.069	16.717	8.933	8.534	9.105
9/8/2022	10:51:55	289.901	9.068	16.716	8.93	8.535	9.111
9/8/2022	10:51:56	290.892	9.07	16.716	8.932	8.54	9.109
9/8/2022	10:51:57	291.896	9.071	16.715	8.926	8.541	9.111
9/8/2022	10:51:58	292.892	9.074	16.716	8.93	8.548	9.111
9/8/2022	10:51:59	293.892	9.07	16.716	8.927	8.547	9.111
9/8/2022	10:52:00	294.893	9.069	16.716	8.934	8.551	9.107
9/8/2022	10:52:01	295.892	9.068	16.716	8.931	8.547	9.107
9/8/2022	10:52:02	296.896	9.069	16.716	8.928	8.549	9.105
9/8/2022	10:52:03	297.893	9.068	16.717	8.931	8.554	9.109
9/8/2022	10:52:04	298.892	9.064	16.716	8.932	8.558	9.105
9/8/2022	10:52:05	299.895	9.072	16.716	8.936	8.551	9.11
9/8/2022	10:52:06	300.892	9.069	16.717	8.935	8.554	9.11
9/8/2022	10:52:07	301.895	9.076	16.718	8.923	8.56	9.104
9/8/2022	10:52:08	302.892	9.073	16.716	8.927	8.56	9.111
9/8/2022	10:52:09	303.892	9.07	16.717	8.932	8.56	9.113
9/8/2022	10:52:10	304.892	9.067	16.716	8.934	8.563	9.108
9/8/2022	10:52:11	305.893	9.068	16.715	8.935	8.564	9.111
9/8/2022	10:52:12	306.894	9.072	16.715	8.929	8.563	9.104
9/8/2022	10:52:13	307.899	9.072	16.717	8.928	8.57	9.106
9/8/2022	10:52:14	308.894	9.076	16.716	8.924	8.57	9.109
9/8/2022	10:52:15	309.894	9.068	16.717	8.928	8.573	9.109
9/8/2022	10:52:16	310.895	9.066	16.717	8.933	8.572	9.11
9/8/2022	10:52:17	311.899	9.075	16.72	8.93	8.572	9.102
9/8/2022	10:52:18	312.898	9.067	16.722	8.927	8.568	9.108
9/8/2022	10:52:19	313.896	9.069	16.723	8.931	8.574	9.106
9/8/2022	10:52:20	314.897	9.07	16.723	8.925	8.566	9.103
9/8/2022	10:52:21	315.897	9.067	16.723	8.928	8.57	9.108
9/8/2022	10:52:22	316.896	9.066	16.721	8.934	8.577	9.104
9/8/2022	10:52:23	317.896	9.066	16.721	8.934	8.576	9.102
9/8/2022	10:52:24	318.896	9.069	16.723	8.934	8.579	9.103
9/8/2022	10:52:25	319.901	9.064	16.728	8.931	8.582	9.103
9/8/2022	10:52:26	320.9	9.061	16.732	8.935	8.573	9.103
9/8/2022	10:52:27	321.9	9.074	16.73	8.928	8.584	9.104
9/8/2022	10:52:28	322.899	9.07	16.729	8.932	8.58	9.103
9/8/2022	10:52:29	323.898	9.065	16.728	8.931	8.581	9.102
9/8/2022	10:52:30	324.897	9.068	16.726	8.931	8.585	9.102
9/8/2022	10:52:31	325.906	9.066	16.727	8.933	8.59	9.101
9/8/2022	10:52:32	326.897	9.062	16.73	8.928	8.589	9.096
9/8/2022	10:52:33	327.9	9.063	16.735	8.932	8.577	9.096
9/8/2022	10:52:34	328.898	9.055	16.735	8.928	8.583	9.098
9/8/2022	10:52:35	329.9	9.06	16.733	8.927	8.588	9.098
9/8/2022	10:52:36	330.899	9.061	16.729	8.932	8.58	9.1
9/8/2022	10:52:37	331.898	9.062	16.726	8.93	8.588	9.102
9/8/2022	10:52:38	332.902	9.067	16.724	8.931	8.587	9.104
9/8/2022	10:52:39	333.902	9.062	16.723	8.928	8.593	9.102
9/8/2022	10:52:40	334.899	9.065	16.723	8.929	8.594	9.102
9/8/2022	10:52:41	335.9	9.059	16.723	8.928	8.595	9.101
9/8/2022	10:52:42	336.902	9.062	16.723	8.931	8.593	9.101
9/8/2022	10:52:43	337.9	9.072	16.726	8.932	8.59	9.102
9/8/2022	10:52:44	338.905	9.077	16.727	8.93	8.597	9.104
9/8/2022	10:52:45	339.904	9.067	16.731	8.927	8.597	9.099
9/8/2022	10:52:46	340.904	9.076	16.729	8.933	8.598	9.104
9/8/2022	10:52:47	341.901	9.065	16.732	8.928	8.591	9.101
9/8/2022	10:52:48	342.901	9.069	16.732	8.936	8.597	9.105
9/8/2022	10:52:49	343.901	9.067	16.733	8.934	8.593	9.102
9/8/2022	10:52:50	344.901	9.072	16.732	8.933	8.599	9.105
9/8/2022	10:52:51	345.903	9.07	16.731	8.93	8.597	9.099
9/8/2022	10:52:52	346.904	9.064	16.729	8.93	8.593	9.099
9/8/2022	10:52:53	347.905	9.068	16.729	8.929	8.6	9.104
9/8/2022	10:52:54	348.904	9.067	16.733	8.932	8.601	9.098
9/8/2022	10:52:55	349.905	9.068	16.734	8.931	8.598	9.105
9/8/2022	10:52:56	350.904	9.069	16.734	8.935	8.597	9.097
9/8/2022	10:52:57	351.907	9.066	16.731	8.931	8.6	9.102
9/8/2022	10:52:58	352.906	9.068	16.73	8.933	8.604	9.098
9/8/2022	10:52:59	353.905	9.067	16.733	8.925	8.596	9.102
9/8/2022	10:53:00	354.907	9.062	16.734	8.932	8.605	9.102
9/8/2022	10:53:01	355.906	9.061	16.734	8.931	8.61	9.106
9/8/2022	10:53:02	356.905	9.07	16.733	8.924	8.605	9.103
9/8/2022	10:53:03	357.913	9.06	16.733	8.927	8.606	9.1
9/8/2022	10:53:04	358.904	9.062	16.737	8.931	8.606	9.096
9/8/2022	10:53:05	359.908	9.063	16.739	8.927	8.6	9.102
9/8/2022	10:53:06	360.906	9.061	16.741	8.93	8.607	9.096
9/8/2022	10:53:07	361.908	9.064	16.741	8.93	8.607	9.098
9/8/2022	10:53:08	362.906	9.06	16.739	8.931	8.606	9.096
9/8/2022	10:53:09	363.908	9.061	16.739	8.934	8.608	9.101
9/8/2022	10:53:10	364.906	9.059	16.739	8.928	8.607	9.093
9/8/2022	10:53:11	365.908	9.06	16.738	8.935	8.609	9.098
9/8/2022	10:53:12	366.907	9.06	16.739	8.936	8.611	9.096
9/8/2022	10:53:13	367.912	9.063	16.74	8.926	8.608	9.1
9/8/2022	10:53:14	368.909	9.057	16.741	8.931	8.61	9.098
9/8/2022	10:53:15	369.908	9.056	16.742	8.928	8.616	9.092
9/8/2022	10:53:16	370.909	9.055	16.742	8.931	8.6	9.094
9/8/2022	10:53:17	371.926	9.062	16.74	8.933	8.611	9.094
9/8/2022	10:53:18	372.912	9.051	16.739	8.932	8.618	9.094
9/8/2022	10:53:19	373.912	9.057	16.739	8.929	8.614	9.094
9/8/2022	10:53:20	374.909	9.065	16.739	8.929	8.613	9.091
9/8/2022	10:53:21	375.91	9.062	16.74	8.936	8.613	9.094
9/8/2022	10:53:22	376.914	9.066	16.738	8.937	8.608	9.092
9/8/2022	10:53:23	377.91	9.061	16.738	8.933	8.615	9.097
9/8/2022	10:53:24	378.913	9.073	16.737	8.928	8.615	9.095
9/8/2022	10:53:25	379.91	9.067	16.736	8.925	8.621	9.099
9/8/2022	10:53:26	380.911	9.067	16.736	8.926	8.615	9.098
9/8/2022	10:53:27	381.91	9.067	16.737	8.933	8.615	9.095
9/8/2022	10:53:28	382.912	9.068	16.738	8.926	8.616	9.096
9/8/2022	10:53:29	383.912	9.074	16.739	8.931	8.612	9.096
9/8/2022	10:53:30	384.911	9.067	16.739	8.934	8.616	9.098
9/8/2022	10:53:31	385.911	9.068	16.738	8.926	8.618	9.098
9/8/2022	10:53:32	386.913	9.071	16.737	8.933	8.616	9.098
9/8/2022	10:53:33	387.912	9.069	16.738	8.933	8.618	9.097
9/8/2022	10:53:34	388.912	9.069	16.737	8.928	8.626	9.098
9/8/2022	10:53:35	389.933	9.073	16.737	8.932	8.624	9.095
9/8/2022	10:53:36	390.912	9.076	16.736	8.936	8.619	9.095
9/8/2022	10:53:37	391.913	9.072	16.738	8.929	8.625	9.095
9/8/2022	10:53:38	392.914	9.067	16.738	8.928	8.618	9.099
9/8/2022	10:53:39	393.912	9.066	16.739	8.931	8.619	9.093
9/8/2022	10:53:40	394.913	9.068	16.738	8.931	8.621	9.095
9/8/2022	10:53:41	395.915	9.068	16.739	8.929	8.617	9.096
9/8/2022	10:53:42	396.914	9.068	16.74	8.934	8.628	9.097
9/8/2022	10:53:43	397.913	9.073	16.739	8.938	8.617	9.093
9/8/2022	10:53:44	398.919	9.069	16.739	8.937	8.624	9.095
9/8/2022	10:53:45	399.916	9.06	16.739	8.935	8.619	9.096
9/8/2022	10:53:46	400.915	9.069	16.737	8.934	8.626	9.096
9/8/2022	10:53:47	401.919	9.07	16.739	8.934	8.619	9.095
9/8/2022	10:53:48	402.918	9.065	16.741	8.935	8.623	9.093
9/8/2022	10:53:49	403.917	9.069	16.742	8.933	8.621	9.097
9/8/2022	10:53:50	404.917	9.073	16.739	8.935	8.62	9.097
9/8/2022	10:53:51	405.934	9.068	16.736	8.94	8.62	9.098
9/8/2022	10:53:52	406.918	9.075	16.732	8.937	8.616	9.095
9/8/2022	10:53:53	407.919	9.074	16.736	8.933	8.628	9.093
9/8/2022	10:53:54	408.919	9.075	16.735	8.939	8.626	9.094
9/8/2022	10:53:55	409.921	9.069	16.738	8.936	8.625	9.102
9/8/2022	10:53:56	410.919	9.074	16.738	8.933	8.619	9.1
9/8/2022	10:53:57	411.92	9.074	16.741	8.939	8.62	9.097
9/8/2022	10:53:58	412.919	9.07	16.74	8.934	8.616	9.098
9/8/2022	10:53:59	413.919	9.072	16.739	8.932	8.632	9.098
9/8/2022	10:54:00	414.919	9.076	16.739	8.928	8.626	9.097
9/8/2022	10:54:01	415.921	9.069	16.738	8.931	8.627	9.095
9/8/2022	10:54:02	416.921	9.067	16.74	8.938	8.622	9.094
9/8/2022	10:54:03	417.92	9.07	16.737	8.934	8.625	9.101
9/8/2022	10:54:04	418.921	9.072	16.736	8.929	8.627	9.1
9/8/2022	10:54:05	419.921	9.074	16.735	8.935	8.623	9.099
9/8/2022	10:54:06	420.921	9.078	16.737	8.936	8.62	9.094
9/8/2022	10:54:07	421.922	9.07	16.737	8.927	8.626	9.094
9/8/2022	10:54:08	422.921	9.077	16.739	8.938	8.62	9.097
9/8/2022	10:54:09	423.922	9.075	16.74	8.938	8.625	9.1
9/8/2022	10:54:10	424.92	9.073	16.741	8.934	8.622	9.096
9/8/2022	10:54:11	425.923	9.069	16.74	8.939	8.627	9.096
9/8/2022	10:54:12	426.922	9.075	16.738	8.931	8.628	9.098
9/8/2022	10:54:13	427.923	9.074	16.74	8.932	8.627	9.095
9/8/2022	10:54:14	428.923	9.068	16.74	8.931	8.625	9.097
9/8/2022	10:54:15	429.923	9.072	16.741	8.934	8.626	9.092
9/8/2022	10:54:16	430.923	9.073	16.741	8.943	8.632	9.101
9/8/2022	10:54:17	431.925	9.072	16.742	8.936	8.63	9.097
9/8/2022	10:54:18	432.924	9.071	16.741	8.936	8.627	9.096
9/8/2022	10:54:19	433.927	9.073	16.742	8.934	8.625	9.096
9/8/2022	10:54:20	434.923	9.074	16.742	8.934	8.629	9.096
9/8/2022	10:54:21	435.925	9.067	16.744	8.934	8.619	9.091
9/8/2022	10:54:22	436.924	9.069	16.744	8.936	8.627	9.096
9/8/2022	10:54:23	437.925	9.066	16.742	8.933	8.629	9.094
9/8/2022	10:54:24	438.925	9.074	16.741	8.929	8.633	9.092
9/8/2022	10:54:25	439.932	9.071	16.74	8.936	8.625	9.093
9/8/2022	10:54:26	440.925	9.071	16.739	8.931	8.629	9.092
9/8/2022	10:54:27	441.925	9.079	16.739	8.932	8.621	9.094
9/8/2022	10:54:28	442.925	9.067	16.74	8.938	8.64	9.091
9/8/2022	10:54:29	443.927	9.068	16.742	8.937	8.631	9.092
9/8/2022	10:54:30	444.93	9.069	16.742	8.931	8.629	9.096
9/8/2022	10:54:31	445.926	9.064	16.744	8.93	8.633	9.096
9/8/2022	10:54:32	446.929	9.066	16.742	8.934	8.632	9.094
9/8/2022	10:54:33	447.928	9.068	16.743	8.932	8.627	9.095
9/8/2022	10:54:34	448.927	9.065	16.743	8.927	8.632	9.092
9/8/2022	10:54:35	449.929	9.067	16.745	8.932	8.629	9.095
9/8/2022	10:54:36	450.931	9.073	16.748	8.935	8.628	9.091
9/8/2022	10:54:37	451.931	9.069	16.748	8.932	8.632	9.091
9/8/2022	10:54:38	452.928	9.069	16.746	8.929	8.632	9.091
9/8/2022	10:54:39	453.93	9.069	16.743	8.934	8.635	9.092
9/8/2022	10:54:40	454.929	9.076	16.743	8.933	8.628	9.096
9/8/2022	10:54:41	455.928	9.068	16.743	8.931	8.632	9.093
9/8/2022	10:54:42	456.928	9.073	16.748	8.934	8.628	9.088
9/8/2022	10:54:43	457.933	9.073	16.748	8.93	8.629	9.095
9/8/2022	10:54:44	458.929	9.069	16.747	8.939	8.628	9.093
9/8/2022	10:54:45	459.93	9.066	16.745	8.934	8.626	9.096
9/8/2022	10:54:46	460.931	9.072	16.745	8.928	8.634	9.096
9/8/2022	10:54:47	461.933	9.064	16.747	8.934	8.633	9.093
9/8/2022	10:54:48	462.932	9.066	16.748	8.933	8.633	9.094
9/8/2022	10:54:49	463.932	9.071	16.747	8.942	8.634	9.09
9/8/2022	10:54:50	464.936	9.073	16.745	8.938	8.634	9.097
9/8/2022	10:54:51	465.932	9.07	16.745	8.935	8.641	9.096
9/8/2022	10:54:52	466.933	9.065	16.746	8.932	8.628	9.1
9/8/2022	10:54:53	467.932	9.068	16.746	8.937	8.629	9.091
9/8/2022	10:54:54	468.932	9.069	16.746	8.938	8.636	9.096
9/8/2022	10:54:55	469.934	9.066	16.746	8.932	8.633	9.093
9/8/2022	10:54:56	470.934	9.07	16.745	8.938	8.632	9.094
9/8/2022	10:54:57	471.933	9.078	16.747	8.939	8.635	9.099
9/8/2022	10:54:58	472.933	9.066	16.746	8.935	8.632	9.095
9/8/2022	10:54:59	473.934	9.07	16.745	8.941	8.631	9.097
9/8/2022	10:55:00	474.934	9.072	16.743	8.934	8.633	9.103
9/8/2022	10:55:01	475.935	9.068	16.744	8.937	8.638	9.096
9/8/2022	10:55:02	476.94	9.075	16.744	8.933	8.629	9.097
9/8/2022	10:55:03	477.94	9.071	16.746	8.928	8.635	9.093
9/8/2022	10:55:04	478.936	9.07	16.75	8.93	8.632	9.09
9/8/2022	10:55:05	479.938	9.073	16.751	8.935	8.626	9.089
9/8/2022	10:55:06	480.94	9.08	16.751	8.93	8.626	9.086
9/8/2022	10:55:07	481.936	9.078	16.749	8.933	8.626	9.093
9/8/2022	10:55:08	482.937	9.078	16.747	8.936	8.633	9.095
9/8/2022	10:55:09	483.94	9.074	16.747	8.935	8.627	9.095
9/8/2022	10:55:10	484.938	9.077	16.748	8.934	8.626	9.092
9/8/2022	10:55:11	485.938	9.073	16.75	8.93	8.623	9.096
9/8/2022	10:55:12	486.941	9.069	16.75	8.925	8.62	9.096
9/8/2022	10:55:13	487.94	9.07	16.749	8.927	8.63	9.095
9/8/2022	10:55:14	488.939	9.069	16.751	8.926	8.621	9.097
9/8/2022	10:55:15	489.94	9.073	16.752	8.928	8.628	9.093
9/8/2022	10:55:16	490.941	9.071	16.755	8.92	8.627	9.096
9/8/2022	10:55:17	491.939	9.069	16.757	8.926	8.62	9.094
9/8/2022	10:55:18	492.939	9.068	16.756	8.924	8.629	9.097
9/8/2022	10:55:19	493.941	9.068	16.758	8.931	8.617	9.095
9/8/2022	10:55:20	494.956	9.071	16.757	8.924	8.618	9.093
9/8/2022	10:55:21	495.941	9.068	16.759	8.924	8.622	9.092
9/8/2022	10:55:22	496.941	9.061	16.76	8.927	8.614	9.096
9/8/2022	10:55:23	497.94	9.061	16.764	8.927	8.613	9.097
9/8/2022	10:55:24	498.941	9.06	16.771	8.917	8.613	9.089
9/8/2022	10:55:25	499.944	9.055	16.774	8.914	8.617	9.088
9/8/2022	10:55:26	500.942	9.059	16.773	8.919	8.621	9.09
9/8/2022	10:55:27	501.941	9.06	16.773	8.917	8.607	9.095
9/8/2022	10:55:28	502.945	9.048	16.774	8.922	8.611	9.095
9/8/2022	10:55:29	503.942	9.056	16.779	8.919	8.607	9.09
9/8/2022	10:55:30	504.942	9.052	16.782	8.914	8.611	9.091
9/8/2022	10:55:31	505.942	9.052	16.783	8.911	8.607	9.087
9/8/2022	10:55:32	506.942	9.047	16.787	8.919	8.607	9.085
9/8/2022	10:55:33	507.942	9.048	16.788	8.914	8.605	9.083
9/8/2022	10:55:34	508.946	9.048	16.788	8.914	8.606	9.083
9/8/2022	10:55:35	509.946	9.047	16.784	8.918	8.597	9.088
9/8/2022	10:55:36	510.942	9.044	16.782	8.912	8.599	9.088
9/8/2022	10:55:37	511.942	9.045	16.78	8.912	8.603	9.089
9/8/2022	10:55:38	512.945	9.051	16.778	8.912	8.6	9.088
9/8/2022	10:55:39	513.946	9.05	16.775	8.912	8.603	9.089
9/8/2022	10:55:40	514.942	9.04	16.775	8.912	8.599	9.088
9/8/2022	10:55:41	515.943	9.045	16.774	8.907	8.604	9.09
9/8/2022	10:55:42	516.943	9.044	16.776	8.913	8.592	9.09
9/8/2022	10:55:43	517.943	9.04	16.772	8.907	8.599	9.089
9/8/2022	10:55:44	518.959	9.054	16.772	8.912	8.6	9.089
9/8/2022	10:55:45	519.942	9.043	16.771	8.905	8.599	9.094
9/8/2022	10:55:46	520.943	9.044	16.773	8.903	8.596	9.091
9/8/2022	10:55:47	521.944	9.041	16.774	8.905	8.6	9.088
9/8/2022	10:55:48	522.945	9.042	16.773	8.902	8.6	9.095
9/8/2022	10:55:49	523.946	9.04	16.772	8.909	8.591	9.092
9/8/2022	10:55:50	524.945	9.037	16.773	8.905	8.598	9.09
9/8/2022	10:55:51	525.944	9.031	16.777	8.905	8.595	9.095
9/8/2022	10:55:52	526.946	9.028	16.781	8.904	8.595	9.093
9/8/2022	10:55:53	527.946	9.027	16.783	8.904	8.586	9.087
9/8/2022	10:55:54	528.945	9.029	16.785	8.897	8.6	9.085
9/8/2022	10:55:55	529.946	9.032	16.786	8.898	8.591	9.09
9/8/2022	10:55:56	530.946	9.026	16.788	8.9	8.595	9.089
9/8/2022	10:55:57	531.945	9.03	16.79	8.898	8.586	9.088
9/8/2022	10:55:58	532.947	9.02	16.795	8.892	8.588	9.09
9/8/2022	10:55:59	533.945	9.022	16.794	8.896	8.585	9.084
9/8/2022	10:56:00	534.948	9.019	16.795	8.894	8.579	9.086
9/8/2022	10:56:01	535.946	9.023	16.791	8.897	8.576	9.088
9/8/2022	10:56:02	536.947	9.02	16.791	8.898	8.588	9.085
9/8/2022	10:56:03	537.946	9.019	16.79	8.893	8.575	9.091
9/8/2022	10:56:04	538.947	9.016	16.792	8.896	8.589	9.089
9/8/2022	10:56:05	539.946	9.02	16.794	8.886	8.58	9.087
9/8/2022	10:56:06	540.971	9.022	16.797	8.891	8.578	9.082
9/8/2022	10:56:07	541.946	9.012	16.797	8.886	8.575	9.087
9/8/2022	10:56:08	542.948	9.01	16.796	8.886	8.58	9.091
9/8/2022	10:56:09	543.951	9.009	16.794	8.884	8.578	9.084
9/8/2022	10:56:10	544.954	9.01	16.794	8.879	8.575	9.09
9/8/2022	10:56:11	545.952	9.01	16.792	8.882	8.576	9.09
9/8/2022	10:56:12	546.95	9.003	16.791	8.886	8.574	9.088
9/8/2022	10:56:13	547.951	9.014	16.79	8.881	8.571	9.083
9/8/2022	10:56:14	548.953	9.009	16.789	8.882	8.575	9.09
9/8/2022	10:56:15	549.952	8.999	16.788	8.884	8.577	9.09
9/8/2022	10:56:16	550.952	9.008	16.788	8.881	8.571	9.084
9/8/2022	10:56:17	551.952	9.001	16.788	8.879	8.569	9.094
9/8/2022	10:56:18	552.952	9.004	16.788	8.879	8.569	9.092
9/8/2022	10:56:19	553.957	8.991	16.789	8.877	8.57	9.093
9/8/2022	10:56:20	554.954	8.998	16.788	8.881	8.569	9.088
9/8/2022	10:56:21	555.953	8.999	16.789	8.876	8.568	9.09
9/8/2022	10:56:22	556.954	8.997	16.79	8.884	8.566	9.091
9/8/2022	10:56:23	557.954	8.996	16.793	8.875	8.569	9.088
9/8/2022	10:56:24	558.955	8.997	16.797	8.875	8.564	9.093
9/8/2022	10:56:25	559.956	8.993	16.797	8.877	8.562	9.088
9/8/2022	10:56:26	560.955	8.994	16.795	8.864	8.565	9.09
9/8/2022	10:56:27	561.955	8.993	16.792	8.872	8.564	9.091
9/8/2022	10:56:28	562.956	8.991	16.792	8.872	8.562	9.09
9/8/2022	10:56:29	563.978	8.983	16.795	8.872	8.563	9.086
9/8/2022	10:56:30	564.955	8.985	16.795	8.88	8.563	9.093
9/8/2022	10:56:31	565.956	8.984	16.796	8.872	8.568	9.087
9/8/2022	10:56:32	566.956	8.984	16.793	8.878	8.558	9.087
9/8/2022	10:56:33	567.957	8.978	16.793	8.873	8.554	9.093
9/8/2022	10:56:34	568.956	8.985	16.79	8.873	8.556	9.085
9/8/2022	10:56:35	569.956	8.977	16.789	8.875	8.552	9.094
9/8/2022	10:56:36	570.956	8.973	16.786	8.874	8.554	9.091
9/8/2022	10:56:37	571.956	8.979	16.781	8.872	8.557	9.093
9/8/2022	10:56:38	572.956	8.98	16.779	8.875	8.561	9.093
9/8/2022	10:56:39	573.956	8.978	16.776	8.875	8.556	9.095
9/8/2022	10:56:40	574.956	8.974	16.777	8.868	8.551	9.094
9/8/2022	10:56:41	575.956	8.976	16.777	8.872	8.556	9.094
9/8/2022	10:56:42	576.956	8.974	16.778	8.869	8.555	9.093
9/8/2022	10:56:43	577.957	8.974	16.778	8.866	8.553	9.094
9/8/2022	10:56:44	578.96	8.967	16.781	8.864	8.555	9.096
9/8/2022	10:56:45	579.961	8.968	16.782	8.865	8.551	9.095
9/8/2022	10:56:46	580.961	8.969	16.785	8.861	8.554	9.096
9/8/2022	10:56:47	581.969	8.966	16.784	8.866	8.55	9.091
9/8/2022	10:56:48	582.965	8.96	16.784	8.863	8.54	9.091
9/8/2022	10:56:49	583.966	8.965	16.782	8.859	8.55	9.099
9/8/2022	10:56:50	584.965	8.959	16.78	8.857	8.546	9.089
9/8/2022	10:56:51	585.964	8.953	16.78	8.856	8.55	9.094
9/8/2022	10:56:52	586.964	8.96	16.78	8.858	8.548	9.094
9/8/2022	10:56:53	587.964	8.96	16.78	8.854	8.542	9.094
9/8/2022	10:56:54	588.964	8.958	16.778	8.859	8.543	9.093
9/8/2022	10:56:55	590.006	8.955	16.775	8.861	8.54	9.092
9/8/2022	10:56:56	590.964	8.962	16.774	8.853	8.539	9.092
9/8/2022	10:56:57	591.968	8.957	16.776	8.852	8.541	9.093
9/8/2022	10:56:58	592.967	8.954	16.777	8.853	8.538	9.097
9/8/2022	10:56:59	593.969	8.947	16.781	8.855	8.536	9.094
9/8/2022	10:57:00	594.963	8.947	16.785	8.851	8.534	9.09
9/8/2022	10:57:01	595.965	8.945	16.785	8.848	8.539	9.095
9/8/2022	10:57:02	596.966	8.943	16.785	8.851	8.539	9.09
9/8/2022	10:57:03	597.967	8.949	16.782	8.843	8.533	9.093
9/8/2022	10:57:04	598.965	8.95	16.779	8.848	8.533	9.09
9/8/2022	10:57:05	599.963	8.947	16.78	8.844	8.536	9.098
9/8/2022	10:57:06	600.972	8.943	16.782	8.843	8.535	9.092
9/8/2022	10:57:07	601.964	8.936	16.782	8.845	8.534	9.092
9/8/2022	10:57:08	602.965	8.933	16.782	8.847	8.54	9.093
9/8/2022	10:57:09	603.966	8.928	16.784	8.842	8.537	9.096
9/8/2022	10:57:10	604.965	8.939	16.783	8.841	8.533	9.089
9/8/2022	10:57:11	605.967	8.934	16.786	8.844	8.532	9.093
9/8/2022	10:57:12	606.967	8.926	16.784	8.842	8.529	9.091
9/8/2022	10:57:13	607.967	8.93	16.782	8.838	8.529	9.095
9/8/2022	10:57:14	608.965	8.924	16.785	8.842	8.532	9.09
9/8/2022	10:57:15	609.966	8.922	16.787	8.84	8.529	9.088
9/8/2022	10:57:16	610.967	8.921	16.79	8.832	8.525	9.094
9/8/2022	10:57:17	611.966	8.92	16.788	8.837	8.529	9.095
9/8/2022	10:57:18	612.965	8.92	16.788	8.831	8.527	9.095
9/8/2022	10:57:19	613.966	8.919	16.789	8.84	8.523	9.09
9/8/2022	10:57:20	614.966	8.914	16.788	8.835	8.525	9.094
9/8/2022	10:57:21	615.965	8.918	16.786	8.833	8.518	9.095
9/8/2022	10:57:22	616.972	8.914	16.785	8.835	8.521	9.095
9/8/2022	10:57:23	617.965	8.911	16.781	8.836	8.517	9.094
9/8/2022	10:57:24	618.965	8.913	16.78	8.833	8.521	9.098
9/8/2022	10:57:25	619.965	8.91	16.78	8.831	8.518	9.095
9/8/2022	10:57:26	620.965	8.907	16.783	8.823	8.515	9.094
9/8/2022	10:57:27	621.965	8.907	16.787	8.821	8.515	9.091
9/8/2022	10:57:28	622.964	8.912	16.788	8.82	8.516	9.093
9/8/2022	10:57:29	623.966	8.91	16.788	8.821	8.515	9.096
9/8/2022	10:57:30	624.966	8.906	16.786	8.822	8.517	9.092
9/8/2022	10:57:31	625.967	8.902	16.787	8.821	8.515	9.09
9/8/2022	10:57:32	626.966	8.901	16.783	8.822	8.519	9.094
9/8/2022	10:57:33	627.967	8.9	16.783	8.826	8.512	9.093
9/8/2022	10:57:34	628.967	8.902	16.782	8.819	8.521	9.095
9/8/2022	10:57:35	629.966	8.897	16.784	8.817	8.517	9.088
9/8/2022	10:57:36	630.966	8.898	16.783	8.82	8.516	9.099
9/8/2022	10:57:37	631.984	8.895	16.783	8.82	8.513	9.098
9/8/2022	10:57:38	632.966	8.898	16.785	8.814	8.513	9.095
9/8/2022	10:57:39	633.965	8.895	16.786	8.816	8.513	9.096
9/8/2022	10:57:40	634.965	8.889	16.786	8.811	8.511	9.094
9/8/2022	10:57:41	635.965	8.885	16.786	8.814	8.51	9.094
9/8/2022	10:57:42	636.966	8.889	16.783	8.817	8.507	9.097
9/8/2022	10:57:43	637.966	8.892	16.784	8.811	8.507	9.093
9/8/2022	10:57:44	638.965	8.89	16.785	8.81	8.505	9.093
9/8/2022	10:57:45	639.965	8.888	16.79	8.812	8.503	9.09
9/8/2022	10:57:46	640.982	8.888	16.793	8.809	8.501	9.092
9/8/2022	10:57:47	641.964	8.886	16.797	8.808	8.5	9.095
9/8/2022	10:57:48	642.968	8.885	16.799	8.8	8.503	9.092
9/8/2022	10:57:49	643.968	8.882	16.802	8.802	8.499	9.087
9/8/2022	10:57:50	644.969	8.881	16.803	8.807	8.499	9.087
9/8/2022	10:57:51	645.967	8.877	16.801	8.803	8.496	9.085
9/8/2022	10:57:52	646.968	8.874	16.798	8.799	8.5	9.094
9/8/2022	10:57:53	647.966	8.876	16.794	8.798	8.502	9.091
9/8/2022	10:57:54	648.99	8.873	16.792	8.795	8.503	9.097
9/8/2022	10:57:55	649.969	8.873	16.79	8.801	8.499	9.094
9/8/2022	10:57:56	650.969	8.878	16.788	8.794	8.499	9.094
9/8/2022	10:57:57	651.971	8.868	16.786	8.795	8.502	9.09
9/8/2022	10:57:58	652.97	8.877	16.786	8.797	8.504	9.094
9/8/2022	10:57:59	653.972	8.871	16.783	8.793	8.497	9.09
9/8/2022	10:58:00	655.005	8.864	16.784	8.796	8.495	9.093
9/8/2022	10:58:01	655.969	8.867	16.786	8.795	8.502	9.092
9/8/2022	10:58:02	656.974	8.867	16.79	8.801	8.499	9.089
9/8/2022	10:58:03	657.971	8.867	16.791	8.795	8.489	9.093
9/8/2022	10:58:04	658.972	8.862	16.79	8.797	8.493	9.097
9/8/2022	10:58:05	659.972	8.86	16.787	8.794	8.496	9.098
9/8/2022	10:58:06	660.973	8.861	16.786	8.79	8.491	9.093
9/8/2022	10:58:07	661.976	8.86	16.786	8.789	8.493	9.095
9/8/2022	10:58:08	662.974	8.863	16.788	8.792	8.488	9.098
9/8/2022	10:58:09	663.978	8.86	16.788	8.79	8.494	9.092
9/8/2022	10:58:10	664.986	8.856	16.79	8.786	8.491	9.095
9/8/2022	10:58:11	665.978	8.857	16.789	8.777	8.485	9.098
9/8/2022	10:58:12	666.978	8.855	16.785	8.786	8.486	9.099
9/8/2022	10:58:13	667.977	8.849	16.783	8.784	8.49	9.101
9/8/2022	10:58:14	668.976	8.855	16.781	8.782	8.488	9.098
9/8/2022	10:58:15	669.976	8.854	16.782	8.786	8.489	9.094
9/8/2022	10:58:16	670.979	8.849	16.782	8.777	8.49	9.103
9/8/2022	10:58:17	671.98	8.849	16.783	8.782	8.486	9.103
9/8/2022	10:58:18	672.982	8.849	16.786	8.775	8.488	9.096
9/8/2022	10:58:19	673.978	8.847	16.787	8.775	8.485	9.096
9/8/2022	10:58:20	674.98	8.845	16.788	8.78	8.481	9.102
9/8/2022	10:58:21	675.979	8.847	16.788	8.776	8.486	9.1
9/8/2022	10:58:22	676.979	8.84	16.789	8.782	8.482	9.098
9/8/2022	10:58:23	677.981	8.84	16.791	8.779	8.48	9.098
9/8/2022	10:58:24	678.979	8.836	16.793	8.775	8.482	9.094
9/8/2022	10:58:25	679.983	8.838	16.792	8.77	8.479	9.097
9/8/2022	10:58:26	680.98	8.831	16.79	8.779	8.48	9.095
9/8/2022	10:58:27	681.982	8.839	16.788	8.771	8.48	9.095
9/8/2022	10:58:28	682.985	8.838	16.787	8.774	8.477	9.096
9/8/2022	10:58:29	683.981	8.832	16.789	8.767	8.476	9.097
9/8/2022	10:58:30	684.985	8.832	16.79	8.768	8.471	9.1
9/8/2022	10:58:31	685.984	8.829	16.789	8.761	8.476	9.098
9/8/2022	10:58:32	686.982	8.833	16.786	8.769	8.472	9.096
9/8/2022	10:58:33	687.985	8.833	16.784	8.763	8.476	9.099
9/8/2022	10:58:34	688.983	8.83	16.786	8.766	8.477	9.093
9/8/2022	10:58:35	689.984	8.826	16.787	8.765	8.466	9.096
9/8/2022	10:58:36	690.985	8.824	16.786	8.763	8.467	9.096
9/8/2022	10:58:37	691.985	8.829	16.784	8.771	8.469	9.104
9/8/2022	10:58:38	692.985	8.829	16.784	8.76	8.467	9.1
9/8/2022	10:58:39	693.985	8.82	16.787	8.76	8.469	9.104
9/8/2022	10:58:40	694.985	8.819	16.789	8.759	8.473	9.096
9/8/2022	10:58:41	695.985	8.816	16.788	8.753	8.461	9.099
9/8/2022	10:58:42	696.986	8.822	16.787	8.762	8.47	9.096
9/8/2022	10:58:43	697.985	8.817	16.785	8.76	8.461	9.104
9/8/2022	10:58:44	698.986	8.815	16.786	8.753	8.468	9.105
9/8/2022	10:58:45	699.999	8.813	16.788	8.746	8.468	9.102
9/8/2022	10:58:46	701.02	8.815	16.787	8.753	8.465	9.098
9/8/2022	10:58:47	701.988	8.809	16.787	8.755	8.469	9.102
9/8/2022	10:58:48	702.988	8.811	16.791	8.744	8.463	9.101
9/8/2022	10:58:49	703.988	8.807	16.795	8.75	8.465	9.097
9/8/2022	10:58:50	704.988	8.809	16.797	8.742	8.458	9.098
9/8/2022	10:58:51	706.001	8.807	16.795	8.748	8.462	9.097
9/8/2022	10:58:52	706.993	8.802	16.792	8.746	8.46	9.095
9/8/2022	10:58:53	707.993	8.807	16.788	8.745	8.461	9.098
9/8/2022	10:58:54	708.989	8.808	16.79	8.746	8.457	9.102
9/8/2022	10:58:55	709.989	8.8	16.791	8.745	8.453	9.101
9/8/2022	10:58:56	710.989	8.799	16.798	8.742	8.452	9.097
9/8/2022	10:58:57	711.99	8.796	16.801	8.743	8.451	9.09
9/8/2022	10:58:58	712.99	8.8	16.803	8.731	8.447	9.093
9/8/2022	10:58:59	713.991	8.794	16.802	8.731	8.449	9.094
9/8/2022	10:59:00	715.031	8.795	16.802	8.734	8.45	9.091
9/8/2022	10:59:01	715.989	8.792	16.801	8.732	8.45	9.096
9/8/2022	10:59:02	716.993	8.786	16.802	8.733	8.449	9.089
9/8/2022	10:59:03	717.992	8.787	16.801	8.737	8.449	9.092
9/8/2022	10:59:04	718.993	8.794	16.798	8.734	8.447	9.098
9/8/2022	10:59:05	719.991	8.792	16.796	8.729	8.451	9.097
9/8/2022	10:59:06	720.992	8.789	16.793	8.725	8.453	9.096
9/8/2022	10:59:07	721.994	8.788	16.791	8.722	8.458	9.099
9/8/2022	10:59:08	722.991	8.788	16.789	8.724	8.454	9.094
9/8/2022	10:59:09	723.992	8.791	16.788	8.72	8.451	9.099
9/8/2022	10:59:10	724.991	8.79	16.789	8.728	8.451	9.096
9/8/2022	10:59:11	725.991	8.786	16.788	8.719	8.448	9.098
					8.731	8.451	
