date	time	time_sec	Ch1_O2	Ch1_temp	Ch2_O2	Ch3_O2	Ch4_O2
8/11/2022	12:04:04	0.67	7.754	22.167	8.032	8.096	8.496
8/11/2022	12:04:05	1.671	7.752	22.164	8.031	8.093	8.495
8/11/2022	12:04:06	2.671	7.751	22.164	8.035	8.089	8.494
8/11/2022	12:04:07	3.67	7.758	22.161	8.037	8.086	8.498
8/11/2022	12:04:08	4.671	7.748	22.162	8.036	8.089	8.499
8/11/2022	12:04:09	5.671	7.749	22.17	8.03	8.084	8.498
8/11/2022	12:04:10	6.672	7.745	22.178	8.031	8.074	8.492
8/11/2022	12:04:11	7.674	7.743	22.183	8.028	8.074	8.494
8/11/2022	12:04:12	8.673	7.746	22.185	8.031	8.073	8.494
8/11/2022	12:04:13	9.672	7.743	22.185	8.023	8.066	8.496
8/11/2022	12:04:14	10.672	7.737	22.189	8.029	8.063	8.491
8/11/2022	12:04:15	11.676	7.742	22.191	8.029	8.066	8.489
8/11/2022	12:04:16	12.674	7.737	22.189	8.021	8.065	8.492
8/11/2022	12:04:17	13.673	7.738	22.187	8.02	8.063	8.491
8/11/2022	12:04:18	14.673	7.745	22.184	8.023	8.059	8.493
8/11/2022	12:04:19	15.673	7.739	22.185	8.022	8.055	8.493
8/11/2022	12:04:20	16.674	7.735	22.187	8.022	8.054	8.497
8/11/2022	12:04:21	17.673	7.736	22.191	8.029	8.05	8.497
8/11/2022	12:04:22	18.673	7.732	22.188	8.02	8.053	8.497
8/11/2022	12:04:23	19.673	7.735	22.188	8.023	8.048	8.495
8/11/2022	12:04:24	20.674	7.732	22.189	8.02	8.042	8.498
8/11/2022	12:04:25	21.674	7.729	22.193	8.018	8.043	8.494
8/11/2022	12:04:26	22.673	7.724	22.199	8.02	8.038	8.485
8/11/2022	12:04:27	23.673	7.725	22.201	8.019	8.033	8.492
8/11/2022	12:04:28	24.674	7.726	22.2	8.017	8.028	8.491
8/11/2022	12:04:29	25.673	7.725	22.2	8.016	8.027	8.493
8/11/2022	12:04:30	26.674	7.725	22.2	8.017	8.026	8.493
8/11/2022	12:04:31	27.673	7.722	22.201	8.015	8.027	8.491
8/11/2022	12:04:32	28.675	7.715	22.199	8.017	8.017	8.498
8/11/2022	12:04:33	29.676	7.715	22.196	8.019	8.017	8.497
8/11/2022	12:04:34	30.675	7.716	22.198	8.011	8.013	8.497
8/11/2022	12:04:35	31.675	7.713	22.199	8.017	8.012	8.49
8/11/2022	12:04:36	32.674	7.711	22.202	8.011	8.007	8.492
8/11/2022	12:04:37	33.675	7.711	22.203	8.013	8.004	8.488
8/11/2022	12:04:38	34.674	7.714	22.204	8.012	8.001	8.491
8/11/2022	12:04:39	35.675	7.704	22.205	8.007	7.998	8.493
8/11/2022	12:04:40	36.675	7.708	22.204	8.008	7.989	8.494
8/11/2022	12:04:41	37.675	7.707	22.204	8.002	7.995	8.494
8/11/2022	12:04:42	38.675	7.708	22.198	8.01	7.991	8.492
8/11/2022	12:04:43	39.675	7.706	22.195	8.007	7.994	8.495
8/11/2022	12:04:44	40.675	7.711	22.192	8.005	7.987	8.495
8/11/2022	12:04:45	41.674	7.703	22.194	8.006	7.986	8.496
8/11/2022	12:04:46	42.678	7.705	22.197	8.006	7.981	8.495
8/11/2022	12:04:47	43.678	7.709	22.2	8.006	7.974	8.499
8/11/2022	12:04:48	44.674	7.7	22.202	8.007	7.974	8.494
8/11/2022	12:04:49	45.674	7.702	22.2	8.006	7.967	8.497
8/11/2022	12:04:50	46.675	7.703	22.196	8.009	7.965	8.493
8/11/2022	12:04:51	47.677	7.694	22.192	8.009	7.96	8.501
8/11/2022	12:04:52	48.688	7.703	22.188	8.003	7.963	8.497
8/11/2022	12:04:53	49.676	7.698	22.191	8.002	7.957	8.499
8/11/2022	12:04:54	50.674	7.69	22.198	8.003	7.956	8.497
8/11/2022	12:04:55	51.674	7.692	22.206	8	7.952	8.492
8/11/2022	12:04:56	52.674	7.685	22.209	7.999	7.943	8.501
8/11/2022	12:04:57	53.674	7.692	22.21	8	7.941	8.492
8/11/2022	12:04:58	54.675	7.687	22.209	7.999	7.943	8.492
8/11/2022	12:04:59	55.675	7.679	22.21	7.995	7.938	8.491
8/11/2022	12:05:00	56.674	7.682	22.208	7.997	7.933	8.49
8/11/2022	12:05:01	57.674	7.686	22.208	7.992	7.928	8.492
8/11/2022	12:05:02	58.675	7.688	22.208	7.99	7.925	8.491
8/11/2022	12:05:03	59.676	7.684	22.209	7.996	7.925	8.495
8/11/2022	12:05:04	60.675	7.675	22.209	7.989	7.919	8.494
8/11/2022	12:05:05	61.675	7.679	22.209	7.999	7.915	8.494
8/11/2022	12:05:06	62.674	7.674	22.207	7.994	7.919	8.498
8/11/2022	12:05:07	63.676	7.68	22.206	7.994	7.912	8.495
8/11/2022	12:05:08	64.682	7.679	22.207	7.998	7.911	8.496
8/11/2022	12:05:09	65.674	7.679	22.209	8.001	7.904	8.493
8/11/2022	12:05:10	66.675	7.674	22.209	7.999	7.902	8.495
8/11/2022	12:05:11	67.675	7.67	22.209	7.992	7.896	8.493
8/11/2022	12:05:12	68.675	7.678	22.208	7.998	7.895	8.494
8/11/2022	12:05:13	69.676	7.673	22.205	8	7.891	8.495
8/11/2022	12:05:14	70.676	7.672	22.208	7.995	7.891	8.494
8/11/2022	12:05:15	71.675	7.67	22.214	8	7.883	8.498
8/11/2022	12:05:16	72.675	7.667	22.216	8.006	7.885	8.49
8/11/2022	12:05:17	73.676	7.666	22.218	8.009	7.88	8.497
8/11/2022	12:05:18	74.676	7.668	22.212	8.01	7.879	8.494
8/11/2022	12:05:19	75.676	7.667	22.21	8.021	7.87	8.497
8/11/2022	12:05:20	76.677	7.664	22.209	8.026	7.871	8.497
8/11/2022	12:05:21	77.68	7.665	22.207	8.04	7.867	8.492
8/11/2022	12:05:22	78.678	7.661	22.21	8.04	7.86	8.498
8/11/2022	12:05:23	79.682	7.66	22.209	8.053	7.858	8.495
8/11/2022	12:05:24	80.68	7.662	22.208	8.064	7.854	8.497
8/11/2022	12:05:25	81.677	7.667	22.204	8.071	7.85	8.495
8/11/2022	12:05:26	82.677	7.668	22.204	8.079	7.846	8.492
8/11/2022	12:05:27	83.678	7.666	22.205	8.087	7.844	8.494
8/11/2022	12:05:28	84.678	7.674	22.209	8.094	7.839	8.495
8/11/2022	12:05:29	85.678	7.676	22.212	8.102	7.836	8.498
8/11/2022	12:05:30	86.679	7.679	22.215	8.108	7.83	8.497
8/11/2022	12:05:31	87.68	7.701	22.216	8.114	7.827	8.496
8/11/2022	12:05:32	88.679	7.723	22.217	8.12	7.823	8.495
8/11/2022	12:05:33	89.681	7.749	22.217	8.135	7.819	8.493
8/11/2022	12:05:34	90.681	7.781	22.219	8.137	7.812	8.49
8/11/2022	12:05:35	91.679	7.822	22.217	8.149	7.814	8.489
8/11/2022	12:05:36	92.679	7.871	22.216	8.158	7.811	8.495
8/11/2022	12:05:37	93.679	7.909	22.214	8.162	7.805	8.496
8/11/2022	12:05:38	94.681	7.94	22.214	8.167	7.801	8.499
8/11/2022	12:05:39	95.68	7.964	22.214	8.178	7.797	8.496
8/11/2022	12:05:40	96.681	7.995	22.214	8.176	7.792	8.493
8/11/2022	12:05:41	97.68	8.014	22.216	8.181	7.792	8.498
8/11/2022	12:05:42	98.69	8.036	22.221	8.187	7.785	8.494
8/11/2022	12:05:43	99.68	8.053	22.222	8.189	7.78	8.491
8/11/2022	12:05:44	100.682	8.076	22.221	8.195	7.774	8.493
8/11/2022	12:05:45	101.681	8.08	22.221	8.197	7.774	8.493
8/11/2022	12:05:46	102.681	8.102	22.222	8.204	7.775	8.497
8/11/2022	12:05:47	103.681	8.105	22.222	8.202	7.767	8.49
8/11/2022	12:05:48	104.681	8.121	22.227	8.203	7.769	8.49
8/11/2022	12:05:49	105.682	8.13	22.228	8.202	7.771	8.49
8/11/2022	12:05:50	106.681	8.136	22.23	8.202	7.76	8.492
8/11/2022	12:05:51	107.681	8.147	22.232	8.203	7.753	8.492
8/11/2022	12:05:52	108.682	8.149	22.235	8.195	7.754	8.487
8/11/2022	12:05:53	109.681	8.153	22.24	8.197	7.748	8.489
8/11/2022	12:05:54	110.682	8.166	22.242	8.19	7.748	8.49
8/11/2022	12:05:55	111.681	8.171	22.243	8.192	7.741	8.489
8/11/2022	12:05:56	112.681	8.184	22.239	8.187	7.738	8.489
8/11/2022	12:05:57	113.681	8.187	22.236	8.189	7.735	8.493
8/11/2022	12:05:58	114.683	8.194	22.235	8.199	7.738	8.487
8/11/2022	12:05:59	115.684	8.199	22.236	8.206	7.733	8.492
8/11/2022	12:06:00	116.682	8.205	22.237	8.211	7.733	8.491
8/11/2022	12:06:01	117.684	8.208	22.238	8.215	7.728	8.49
8/11/2022	12:06:02	118.682	8.217	22.238	8.212	7.721	8.49
8/11/2022	12:06:03	119.683	8.217	22.239	8.221	7.724	8.489
8/11/2022	12:06:04	120.682	8.221	22.238	8.223	7.717	8.487
8/11/2022	12:06:05	121.684	8.234	22.238	8.224	7.713	8.493
8/11/2022	12:06:06	122.682	8.229	22.237	8.223	7.705	8.491
8/11/2022	12:06:07	123.683	8.238	22.238	8.234	7.702	8.489
8/11/2022	12:06:08	124.684	8.239	22.236	8.234	7.702	8.491
8/11/2022	12:06:09	125.684	8.248	22.234	8.239	7.701	8.49
8/11/2022	12:06:10	126.683	8.248	22.24	8.235	7.69	8.49
8/11/2022	12:06:11	127.684	8.248	22.246	8.237	7.691	8.488
8/11/2022	12:06:12	128.684	8.246	22.253	8.236	7.676	8.485
8/11/2022	12:06:13	129.684	8.25	22.257	8.231	7.679	8.481
8/11/2022	12:06:14	130.684	8.255	22.259	8.234	7.673	8.485
8/11/2022	12:06:15	131.683	8.255	22.257	8.24	7.67	8.486
8/11/2022	12:06:16	132.684	8.258	22.253	8.238	7.669	8.483
8/11/2022	12:06:17	133.685	8.253	22.253	8.239	7.67	8.485
8/11/2022	12:06:18	134.689	8.262	22.257	8.25	7.662	8.479
8/11/2022	12:06:19	135.686	8.257	22.26	8.251	7.659	8.485
8/11/2022	12:06:20	136.687	8.265	22.257	8.259	7.658	8.488
8/11/2022	12:06:21	137.686	8.258	22.251	8.258	7.652	8.49
8/11/2022	12:06:22	138.687	8.272	22.246	8.257	7.657	8.49
8/11/2022	12:06:23	139.687	8.266	22.246	8.27	7.648	8.489
8/11/2022	12:06:24	140.687	8.264	22.247	8.269	7.645	8.49
8/11/2022	12:06:25	141.689	8.271	22.247	8.271	7.643	8.49
8/11/2022	12:06:26	142.687	8.265	22.244	8.269	7.636	8.491
8/11/2022	12:06:27	143.687	8.274	22.242	8.278	7.639	8.488
8/11/2022	12:06:28	144.686	8.268	22.243	8.281	7.632	8.489
8/11/2022	12:06:29	145.687	8.269	22.244	8.281	7.635	8.488
8/11/2022	12:06:30	146.687	8.274	22.243	8.284	7.626	8.489
8/11/2022	12:06:31	147.687	8.27	22.241	8.286	7.623	8.491
8/11/2022	12:06:32	148.686	8.277	22.24	8.281	7.618	8.494
8/11/2022	12:06:33	149.687	8.277	22.242	8.284	7.614	8.49
8/11/2022	12:06:34	150.687	8.28	22.242	8.279	7.609	8.495
8/11/2022	12:06:35	151.687	8.283	22.241	8.29	7.613	8.494
8/11/2022	12:06:36	152.691	8.274	22.239	8.286	7.608	8.498
8/11/2022	12:06:37	153.706	8.279	22.24	8.287	7.607	8.494
8/11/2022	12:06:38	154.688	8.281	22.241	8.28	7.603	8.492
8/11/2022	12:06:39	155.689	8.268	22.242	8.29	7.597	8.495
8/11/2022	12:06:40	156.687	8.278	22.241	8.282	7.593	8.487
8/11/2022	12:06:41	157.688	8.28	22.24	8.291	7.59	8.492
8/11/2022	12:06:42	158.688	8.281	22.242	8.285	7.589	8.492
8/11/2022	12:06:43	159.693	8.275	22.242	8.281	7.587	8.489
8/11/2022	12:06:44	160.692	8.276	22.245	8.288	7.583	8.486
8/11/2022	12:06:45	161.692	8.281	22.243	8.288	7.579	8.492
8/11/2022	12:06:46	162.693	8.279	22.247	8.285	7.571	8.49
8/11/2022	12:06:47	163.694	8.281	22.247	8.286	7.569	8.492
8/11/2022	12:06:48	164.696	8.282	22.248	8.283	7.568	8.492
8/11/2022	12:06:49	165.694	8.279	22.247	8.283	7.563	8.495
8/11/2022	12:06:50	166.695	8.265	22.247	8.291	7.558	8.489
8/11/2022	12:06:51	167.695	8.27	22.246	8.292	7.555	8.491
8/11/2022	12:06:52	168.696	8.26	22.247	8.284	7.556	8.49
8/11/2022	12:06:53	169.695	8.259	22.247	8.285	7.549	8.493
8/11/2022	12:06:54	170.696	8.262	22.247	8.285	7.553	8.494
8/11/2022	12:06:55	171.704	8.265	22.248	8.287	7.546	8.488
8/11/2022	12:06:56	172.695	8.263	22.247	8.292	7.539	8.494
8/11/2022	12:06:57	173.697	8.261	22.249	8.288	7.537	8.491
8/11/2022	12:06:58	174.695	8.259	22.252	8.289	7.535	8.491
8/11/2022	12:06:59	175.696	8.262	22.251	8.284	7.532	8.493
8/11/2022	12:07:00	176.696	8.264	22.253	8.282	7.526	8.488
8/11/2022	12:07:01	177.696	8.261	22.252	8.283	7.526	8.491
8/11/2022	12:07:02	178.696	8.268	22.253	8.286	7.521	8.491
8/11/2022	12:07:03	179.695	8.272	22.253	8.288	7.521	8.491
8/11/2022	12:07:04	180.697	8.265	22.251	8.283	7.512	8.488
8/11/2022	12:07:05	181.695	8.273	22.25	8.284	7.507	8.489
8/11/2022	12:07:06	182.697	8.274	22.247	8.288	7.511	8.494
8/11/2022	12:07:07	183.695	8.268	22.247	8.289	7.51	8.494
8/11/2022	12:07:08	184.696	8.276	22.248	8.286	7.505	8.495
8/11/2022	12:07:09	185.695	8.28	22.25	8.288	7.499	8.49
8/11/2022	12:07:10	186.696	8.276	22.25	8.285	7.498	8.491
8/11/2022	12:07:11	187.696	8.282	22.25	8.288	7.493	8.489
8/11/2022	12:07:12	188.71	8.282	22.252	8.289	7.488	8.486
8/11/2022	12:07:13	189.695	8.286	22.252	8.287	7.485	8.495
8/11/2022	12:07:14	190.697	8.28	22.252	8.291	7.484	8.489
8/11/2022	12:07:15	191.697	8.276	22.252	8.292	7.479	8.492
8/11/2022	12:07:16	192.698	8.281	22.253	8.287	7.477	8.487
8/11/2022	12:07:17	193.697	8.278	22.256	8.291	7.473	8.488
8/11/2022	12:07:18	194.698	8.278	22.258	8.289	7.471	8.489
8/11/2022	12:07:19	195.698	8.281	22.257	8.289	7.468	8.49
8/11/2022	12:07:20	196.698	8.28	22.255	8.284	7.464	8.491
8/11/2022	12:07:21	197.697	8.282	22.256	8.289	7.461	8.488
8/11/2022	12:07:22	198.701	8.286	22.256	8.294	7.454	8.491
8/11/2022	12:07:23	199.7	8.286	22.256	8.289	7.454	8.492
8/11/2022	12:07:24	200.699	8.279	22.254	8.29	7.453	8.491
8/11/2022	12:07:25	201.704	8.282	22.256	8.288	7.449	8.491
8/11/2022	12:07:26	202.702	8.287	22.255	8.289	7.445	8.492
8/11/2022	12:07:27	203.701	8.284	22.258	8.284	7.442	8.49
8/11/2022	12:07:28	204.71	8.285	22.258	8.286	7.438	8.485
8/11/2022	12:07:29	205.702	8.283	22.258	8.289	7.436	8.493
8/11/2022	12:07:30	206.702	8.284	22.256	8.288	7.434	8.487
8/11/2022	12:07:31	207.702	8.286	22.254	8.287	7.428	8.492
8/11/2022	12:07:32	208.702	8.294	22.254	8.293	7.428	8.488
8/11/2022	12:07:33	209.702	8.289	22.255	8.29	7.423	8.489
8/11/2022	12:07:34	210.702	8.288	22.255	8.289	7.417	8.491
8/11/2022	12:07:35	211.702	8.291	22.256	8.292	7.418	8.488
8/11/2022	12:07:36	212.702	8.291	22.256	8.294	7.414	8.489
8/11/2022	12:07:37	213.702	8.287	22.257	8.291	7.409	8.486
8/11/2022	12:07:38	214.702	8.292	22.256	8.284	7.402	8.488
8/11/2022	12:07:39	215.704	8.293	22.258	8.29	7.403	8.487
8/11/2022	12:07:40	216.705	8.289	22.26	8.288	7.398	8.488
8/11/2022	12:07:41	217.704	8.295	22.259	8.29	7.397	8.49
8/11/2022	12:07:42	218.705	8.294	22.259	8.29	7.394	8.488
8/11/2022	12:07:43	219.704	8.291	22.257	8.288	7.393	8.489
8/11/2022	12:07:44	220.705	8.293	22.255	8.291	7.386	8.489
8/11/2022	12:07:45	221.716	8.294	22.254	8.293	7.382	8.494
8/11/2022	12:07:46	222.705	8.29	22.255	8.291	7.379	8.489
8/11/2022	12:07:47	223.704	8.288	22.254	8.29	7.379	8.488
8/11/2022	12:07:48	224.704	8.289	22.256	8.294	7.376	8.49
8/11/2022	12:07:49	225.704	8.292	22.256	8.287	7.373	8.494
8/11/2022	12:07:50	226.705	8.291	22.259	8.293	7.368	8.49
8/11/2022	12:07:51	227.706	8.282	22.259	8.294	7.364	8.488
8/11/2022	12:07:52	228.708	8.29	22.261	8.291	7.358	8.491
8/11/2022	12:07:53	229.707	8.29	22.26	8.294	7.354	8.491
8/11/2022	12:07:54	230.708	8.293	22.258	8.293	7.358	8.491
8/11/2022	12:07:55	231.707	8.293	22.256	8.288	7.352	8.487
8/11/2022	12:07:56	232.708	8.292	22.256	8.289	7.36	8.486
8/11/2022	12:07:57	233.708	8.296	22.257	8.295	7.359	8.489
8/11/2022	12:07:58	234.707	8.293	22.258	8.294	7.364	8.493
8/11/2022	12:07:59	235.707	8.29	22.258	8.29	7.368	8.488
8/11/2022	12:08:00	236.708	8.287	22.259	8.289	7.372	8.494
8/11/2022	12:08:01	237.707	8.291	22.26	8.291	7.376	8.494
8/11/2022	12:08:02	238.707	8.288	22.261	8.29	7.379	8.49
8/11/2022	12:08:03	239.716	8.29	22.261	8.294	7.387	8.49
8/11/2022	12:08:04	240.708	8.29	22.262	8.286	7.39	8.489
8/11/2022	12:08:05	241.709	8.293	22.263	8.29	7.405	8.488
8/11/2022	12:08:06	242.709	8.287	22.264	8.29	7.41	8.495
8/11/2022	12:08:07	243.708	8.294	22.262	8.291	7.417	8.498
8/11/2022	12:08:08	244.71	8.295	22.261	8.282	7.426	8.491
8/11/2022	12:08:09	245.711	8.29	22.259	8.284	7.432	8.494
8/11/2022	12:08:10	246.711	8.3	22.259	8.293	7.439	8.493
8/11/2022	12:08:11	247.71	8.288	22.261	8.295	7.447	8.497
8/11/2022	12:08:12	248.711	8.29	22.261	8.285	7.454	8.493
8/11/2022	12:08:13	249.714	8.296	22.261	8.289	7.459	8.489
8/11/2022	12:08:14	250.713	8.289	22.261	8.289	7.471	8.494
8/11/2022	12:08:15	251.712	8.296	22.261	8.286	7.478	8.493
8/11/2022	12:08:16	252.712	8.285	22.261	8.289	7.483	8.488
8/11/2022	12:08:17	253.713	8.293	22.261	8.288	7.489	8.491
8/11/2022	12:08:18	254.713	8.291	22.26	8.291	7.496	8.488
8/11/2022	12:08:19	255.714	8.29	22.259	8.289	7.503	8.495
8/11/2022	12:08:20	256.714	8.295	22.26	8.288	7.51	8.493
8/11/2022	12:08:21	257.715	8.292	22.263	8.292	7.518	8.493
8/11/2022	12:08:22	258.719	8.291	22.266	8.291	7.522	8.484
8/11/2022	12:08:23	259.717	8.292	22.266	8.288	7.529	8.49
8/11/2022	12:08:24	260.718	8.292	22.266	8.289	7.534	8.489
8/11/2022	12:08:25	261.718	8.297	22.266	8.28	7.545	8.493
8/11/2022	12:08:26	262.719	8.296	22.264	8.289	7.551	8.489
8/11/2022	12:08:27	263.72	8.293	22.261	8.29	7.555	8.494
8/11/2022	12:08:28	264.72	8.295	22.26	8.286	7.566	8.492
8/11/2022	12:08:29	265.72	8.297	22.261	8.291	7.568	8.489
8/11/2022	12:08:30	266.721	8.292	22.262	8.292	7.577	8.485
8/11/2022	12:08:31	267.721	8.296	22.262	8.289	7.579	8.487
8/11/2022	12:08:32	268.72	8.286	22.263	8.294	7.591	8.485
8/11/2022	12:08:33	269.722	8.29	22.263	8.293	7.598	8.488
8/11/2022	12:08:34	270.722	8.293	22.264	8.284	7.601	8.485
8/11/2022	12:08:35	271.723	8.29	22.265	8.284	7.604	8.483
8/11/2022	12:08:36	272.722	8.289	22.267	8.284	7.609	8.487
8/11/2022	12:08:37	273.722	8.288	22.267	8.295	7.622	8.481
8/11/2022	12:08:38	274.724	8.295	22.264	8.293	7.622	8.487
8/11/2022	12:08:39	275.723	8.292	22.263	8.288	7.629	8.485
8/11/2022	12:08:40	276.724	8.296	22.262	8.289	7.632	8.486
8/11/2022	12:08:41	277.723	8.289	22.263	8.288	7.641	8.491
8/11/2022	12:08:42	278.724	8.29	22.261	8.292	7.641	8.486
8/11/2022	12:08:43	279.723	8.293	22.261	8.292	7.649	8.488
8/11/2022	12:08:44	280.723	8.294	22.264	8.29	7.651	8.488
8/11/2022	12:08:45	281.726	8.288	22.264	8.287	7.655	8.48
8/11/2022	12:08:46	282.727	8.292	22.266	8.289	7.661	8.482
8/11/2022	12:08:47	283.726	8.292	22.265	8.294	7.667	8.486
8/11/2022	12:08:48	284.726	8.285	22.265	8.286	7.668	8.486
8/11/2022	12:08:49	285.726	8.294	22.265	8.292	7.676	8.478
8/11/2022	12:08:50	286.726	8.29	22.263	8.287	7.681	8.478
8/11/2022	12:08:51	287.727	8.291	22.26	8.285	7.682	8.487
8/11/2022	12:08:52	288.728	8.292	22.259	8.289	7.688	8.479
8/11/2022	12:08:53	289.727	8.289	22.262	8.29	7.691	8.477
8/11/2022	12:08:54	290.729	8.287	22.264	8.295	7.694	8.484
8/11/2022	12:08:55	291.728	8.291	22.267	8.287	7.693	8.476
8/11/2022	12:08:56	292.735	8.289	22.264	8.29	7.704	8.471
8/11/2022	12:08:57	293.73	8.29	22.265	8.289	7.713	8.479
8/11/2022	12:08:58	294.728	8.29	22.263	8.289	7.712	8.48
8/11/2022	12:08:59	295.73	8.294	22.265	8.29	7.711	8.476
8/11/2022	12:09:00	296.729	8.292	22.266	8.286	7.714	8.478
8/11/2022	12:09:01	297.73	8.289	22.264	8.291	7.723	8.477
8/11/2022	12:09:02	298.729	8.287	22.266	8.288	7.72	8.475
8/11/2022	12:09:03	299.73	8.288	22.264	8.291	7.733	8.477
8/11/2022	12:09:04	300.73	8.292	22.264	8.293	7.733	8.481
8/11/2022	12:09:05	301.731	8.287	22.263	8.293	7.732	8.481
8/11/2022	12:09:06	302.73	8.29	22.262	8.286	7.738	8.48
8/11/2022	12:09:07	303.73	8.29	22.264	8.294	7.742	8.478
8/11/2022	12:09:08	304.729	8.287	22.261	8.29	7.745	8.478
8/11/2022	12:09:09	305.729	8.286	22.26	8.289	7.752	8.48
8/11/2022	12:09:10	306.73	8.287	22.259	8.292	7.753	8.477
8/11/2022	12:09:11	307.729	8.288	22.263	8.291	7.753	8.475
8/11/2022	12:09:12	308.73	8.289	22.263	8.291	7.756	8.477
8/11/2022	12:09:13	309.731	8.286	22.264	8.29	7.756	8.479
8/11/2022	12:09:14	310.733	8.289	22.262	8.286	7.757	8.477
8/11/2022	12:09:15	311.731	8.29	22.261	8.29	7.766	8.476
8/11/2022	12:09:16	312.734	8.288	22.261	8.282	7.768	8.476
8/11/2022	12:09:17	313.731	8.289	22.263	8.291	7.771	8.48
8/11/2022	12:09:18	314.731	8.287	22.264	8.29	7.771	8.47
8/11/2022	12:09:19	315.732	8.29	22.264	8.292	7.772	8.473
8/11/2022	12:09:20	316.731	8.29	22.265	8.288	7.775	8.475
8/11/2022	12:09:21	317.731	8.287	22.265	8.287	7.778	8.473
8/11/2022	12:09:22	318.733	8.287	22.265	8.286	7.781	8.472
8/11/2022	12:09:23	319.732	8.292	22.265	8.288	7.782	8.476
8/11/2022	12:09:24	320.731	8.287	22.263	8.29	7.789	8.477
8/11/2022	12:09:25	321.733	8.284	22.267	8.287	7.789	8.475
8/11/2022	12:09:26	322.733	8.29	22.267	8.29	7.792	8.472
8/11/2022	12:09:27	323.734	8.287	22.265	8.288	7.79	8.475
8/11/2022	12:09:28	324.734	8.286	22.262	8.287	7.795	8.469
8/11/2022	12:09:29	325.734	8.29	22.261	8.294	7.798	8.47
8/11/2022	12:09:30	326.734	8.291	22.264	8.288	7.798	8.473
8/11/2022	12:09:31	327.733	8.29	22.265	8.294	7.798	8.472
8/11/2022	12:09:32	328.736	8.291	22.263	8.288	7.797	8.471
8/11/2022	12:09:33	329.735	8.286	22.263	8.289	7.797	8.472
8/11/2022	12:09:34	330.734	8.291	22.263	8.292	7.803	8.471
8/11/2022	12:09:35	331.736	8.292	22.264	8.29	7.803	8.473
8/11/2022	12:09:36	332.736	8.291	22.264	8.287	7.807	8.467
8/11/2022	12:09:37	333.736	8.289	22.263	8.291	7.805	8.468
8/11/2022	12:09:38	334.736	8.293	22.262	8.29	7.812	8.473
8/11/2022	12:09:39	335.736	8.294	22.262	8.29	7.809	8.469
8/11/2022	12:09:40	336.736	8.288	22.264	8.291	7.812	8.47
8/11/2022	12:09:41	337.736	8.291	22.263	8.291	7.816	8.467
8/11/2022	12:09:42	338.735	8.283	22.263	8.29	7.816	8.465
8/11/2022	12:09:43	339.737	8.29	22.262	8.287	7.818	8.468
8/11/2022	12:09:44	340.735	8.29	22.261	8.284	7.823	8.467
8/11/2022	12:09:45	341.736	8.29	22.259	8.293	7.823	8.47
8/11/2022	12:09:46	342.737	8.295	22.256	8.289	7.82	8.473
8/11/2022	12:09:47	343.738	8.288	22.258	8.29	7.823	8.465
8/11/2022	12:09:48	344.736	8.291	22.259	8.286	7.826	8.47
8/11/2022	12:09:49	345.739	8.29	22.26	8.292	7.833	8.468
8/11/2022	12:09:50	346.746	8.287	22.261	8.294	7.835	8.469
8/11/2022	12:09:51	347.736	8.288	22.261	8.29	7.833	8.467
8/11/2022	12:09:52	348.737	8.289	22.265	8.288	7.83	8.464
8/11/2022	12:09:53	349.738	8.286	22.263	8.287	7.83	8.464
8/11/2022	12:09:54	350.736	8.294	22.261	8.289	7.837	8.463
8/11/2022	12:09:55	351.737	8.285	22.261	8.289	7.839	8.466
8/11/2022	12:09:56	352.738	8.288	22.262	8.288	7.837	8.47
8/11/2022	12:09:57	353.738	8.295	22.262	8.285	7.843	8.467
8/11/2022	12:09:58	354.737	8.295	22.261	8.291	7.84	8.47
8/11/2022	12:09:59	355.739	8.29	22.261	8.293	7.841	8.466
8/11/2022	12:10:00	356.744	8.291	22.26	8.292	7.844	8.468
8/11/2022	12:10:01	357.74	8.285	22.258	8.291	7.845	8.466
8/11/2022	12:10:02	358.739	8.292	22.257	8.292	7.846	8.468
8/11/2022	12:10:03	359.74	8.29	22.258	8.295	7.846	8.464
8/11/2022	12:10:04	360.74	8.297	22.259	8.288	7.849	8.466
8/11/2022	12:10:05	361.74	8.292	22.259	8.29	7.849	8.464
8/11/2022	12:10:06	362.752	8.286	22.26	8.289	7.847	8.468
8/11/2022	12:10:07	363.742	8.287	22.261	8.29	7.854	8.467
8/11/2022	12:10:08	364.742	8.291	22.263	8.286	7.85	8.468
8/11/2022	12:10:09	365.744	8.284	22.263	8.286	7.848	8.464
8/11/2022	12:10:10	366.743	8.289	22.26	8.29	7.85	8.468
8/11/2022	12:10:11	367.742	8.288	22.258	8.288	7.851	8.466
8/11/2022	12:10:12	368.743	8.289	22.257	8.287	7.853	8.466
8/11/2022	12:10:13	369.743	8.285	22.256	8.284	7.85	8.471
8/11/2022	12:10:14	370.743	8.282	22.258	8.291	7.856	8.465
8/11/2022	12:10:15	371.743	8.289	22.258	8.287	7.854	8.465
8/11/2022	12:10:16	372.743	8.289	22.257	8.297	7.851	8.462
8/11/2022	12:10:17	373.744	8.284	22.256	8.282	7.853	8.468
8/11/2022	12:10:18	374.745	8.291	22.257	8.286	7.861	8.461
8/11/2022	12:10:19	375.746	8.295	22.259	8.284	7.855	8.468
8/11/2022	12:10:20	376.746	8.288	22.258	8.284	7.859	8.466
8/11/2022	12:10:21	377.746	8.291	22.258	8.282	7.861	8.465
8/11/2022	12:10:22	378.746	8.29	22.255	8.289	7.861	8.463
8/11/2022	12:10:23	379.746	8.293	22.254	8.287	7.865	8.463
8/11/2022	12:10:24	380.759	8.285	22.254	8.29	7.863	8.462
8/11/2022	12:10:25	381.746	8.283	22.255	8.287	7.865	8.46
8/11/2022	12:10:26	382.745	8.293	22.257	8.285	7.862	8.463
8/11/2022	12:10:27	383.745	8.289	22.257	8.288	7.866	8.459
8/11/2022	12:10:28	384.746	8.29	22.256	8.287	7.863	8.465
8/11/2022	12:10:29	385.748	8.294	22.255	8.29	7.865	8.464
8/11/2022	12:10:30	386.745	8.29	22.254	8.293	7.868	8.46
8/11/2022	12:10:31	387.747	8.292	22.255	8.283	7.868	8.463
8/11/2022	12:10:32	388.745	8.29	22.254	8.289	7.868	8.461
8/11/2022	12:10:33	389.745	8.29	22.255	8.287	7.874	8.458
8/11/2022	12:10:34	390.745	8.285	22.255	8.287	7.871	8.462
8/11/2022	12:10:35	391.746	8.283	22.255	8.29	7.872	8.459
8/11/2022	12:10:36	392.746	8.289	22.256	8.284	7.873	8.461
8/11/2022	12:10:37	393.749	8.29	22.258	8.29	7.871	8.461
8/11/2022	12:10:38	394.748	8.289	22.257	8.284	7.866	8.455
8/11/2022	12:10:39	395.75	8.291	22.256	8.29	7.865	8.457
8/11/2022	12:10:40	396.748	8.288	22.254	8.281	7.874	8.459
8/11/2022	12:10:41	397.751	8.287	22.254	8.288	7.87	8.459
8/11/2022	12:10:42	398.768	8.294	22.254	8.292	7.876	8.459
8/11/2022	12:10:43	399.75	8.29	22.251	8.29	7.874	8.456
8/11/2022	12:10:44	400.75	8.294	22.254	8.285	7.879	8.46
8/11/2022	12:10:45	401.749	8.295	22.252	8.294	7.879	8.459
8/11/2022	12:10:46	402.75	8.293	22.252	8.287	7.879	8.46
8/11/2022	12:10:47	403.751	8.291	22.251	8.288	7.876	8.457
8/11/2022	12:10:48	404.752	8.288	22.25	8.289	7.875	8.462
8/11/2022	12:10:49	405.751	8.289	22.25	8.29	7.876	8.461
8/11/2022	12:10:50	406.751	8.293	22.252	8.282	7.88	8.46
8/11/2022	12:10:51	407.753	8.287	22.252	8.29	7.876	8.46
8/11/2022	12:10:52	408.752	8.293	22.253	8.29	7.88	8.459
8/11/2022	12:10:53	409.752	8.293	22.252	8.288	7.876	8.458
8/11/2022	12:10:54	410.753	8.292	22.252	8.29	7.88	8.462
8/11/2022	12:10:55	411.754	8.295	22.251	8.286	7.876	8.459
8/11/2022	12:10:56	412.753	8.289	22.251	8.291	7.879	8.455
8/11/2022	12:10:57	413.755	8.289	22.251	8.287	7.879	8.458
8/11/2022	12:10:58	414.754	8.285	22.251	8.284	7.883	8.459
8/11/2022	12:10:59	415.754	8.29	22.251	8.285	7.88	8.461
8/11/2022	12:11:00	416.754	8.288	22.252	8.281	7.878	8.458
8/11/2022	12:11:01	417.754	8.288	22.252	8.287	7.88	8.463
8/11/2022	12:11:02	418.755	8.288	22.251	8.29	7.879	8.455
8/11/2022	12:11:03	419.754	8.296	22.25	8.288	7.884	8.46
8/11/2022	12:11:04	420.753	8.29	22.249	8.285	7.884	8.458
8/11/2022	12:11:05	421.754	8.294	22.25	8.288	7.888	8.461
8/11/2022	12:11:06	422.754	8.29	22.25	8.283	7.879	8.458
8/11/2022	12:11:07	423.754	8.293	22.251	8.285	7.879	8.458
8/11/2022	12:11:08	424.754	8.289	22.249	8.289	7.886	8.454
8/11/2022	12:11:09	425.759	8.291	22.247	8.29	7.885	8.459
8/11/2022	12:11:10	426.755	8.292	22.246	8.289	7.888	8.459
8/11/2022	12:11:11	427.756	8.285	22.245	8.292	7.885	8.455
8/11/2022	12:11:12	428.76	8.286	22.245	8.289	7.886	8.455
8/11/2022	12:11:13	429.755	8.29	22.246	8.292	7.888	8.457
8/11/2022	12:11:14	430.757	8.291	22.247	8.283	7.89	8.458
8/11/2022	12:11:15	431.755	8.293	22.247	8.291	7.889	8.456
8/11/2022	12:11:16	432.757	8.285	22.248	8.29	7.891	8.457
8/11/2022	12:11:17	433.761	8.29	22.246	8.292	7.888	8.458
8/11/2022	12:11:18	434.756	8.291	22.246	8.29	7.891	8.459
8/11/2022	12:11:19	435.755	8.287	22.246	8.288	7.892	8.462
8/11/2022	12:11:20	436.756	8.291	22.245	8.289	7.891	8.453
8/11/2022	12:11:21	437.756	8.292	22.246	8.287	7.888	8.459
8/11/2022	12:11:22	438.755	8.289	22.247	8.288	7.888	8.454
8/11/2022	12:11:23	439.758	8.285	22.246	8.289	7.895	8.455
8/11/2022	12:11:24	440.757	8.285	22.247	8.291	7.894	8.456
8/11/2022	12:11:25	441.758	8.291	22.247	8.293	7.89	8.461
8/11/2022	12:11:26	442.757	8.287	22.246	8.287	7.892	8.46
8/11/2022	12:11:27	443.758	8.287	22.246	8.286	7.89	8.455
8/11/2022	12:11:28	444.758	8.292	22.246	8.287	7.898	8.452
8/11/2022	12:11:29	445.758	8.29	22.246	8.288	7.897	8.457
8/11/2022	12:11:30	446.76	8.286	22.246	8.282	7.891	8.455
8/11/2022	12:11:31	447.759	8.291	22.245	8.292	7.891	8.455
8/11/2022	12:11:32	448.759	8.293	22.244	8.286	7.894	8.453
8/11/2022	12:11:33	449.759	8.292	22.243	8.288	7.895	8.455
8/11/2022	12:11:34	450.76	8.287	22.244	8.284	7.896	8.455
8/11/2022	12:11:35	451.761	8.286	22.246	8.282	7.897	8.452
8/11/2022	12:11:36	452.777	8.285	22.246	8.285	7.9	8.453
8/11/2022	12:11:37	453.764	8.287	22.246	8.289	7.896	8.456
8/11/2022	12:11:38	454.76	8.289	22.247	8.281	7.901	8.458
8/11/2022	12:11:39	455.76	8.284	22.25	8.286	7.895	8.453
8/11/2022	12:11:40	456.761	8.292	22.249	8.291	7.901	8.449
8/11/2022	12:11:41	457.761	8.285	22.249	8.289	7.901	8.452
8/11/2022	12:11:42	458.761	8.29	22.249	8.284	7.894	8.454
8/11/2022	12:11:43	459.761	8.285	22.252	8.287	7.904	8.455
8/11/2022	12:11:44	460.762	8.288	22.253	8.282	7.9	8.456
8/11/2022	12:11:45	461.763	8.281	22.253	8.279	7.891	8.453
8/11/2022	12:11:46	462.762	8.282	22.252	8.286	7.896	8.456
8/11/2022	12:11:47	463.761	8.286	22.253	8.283	7.903	8.455
8/11/2022	12:11:48	464.762	8.288	22.253	8.283	7.899	8.452
8/11/2022	12:11:49	465.762	8.284	22.253	8.285	7.899	8.452
8/11/2022	12:11:50	466.762	8.282	22.252	8.286	7.897	8.452
8/11/2022	12:11:51	467.762	8.279	22.254	8.282	7.902	8.451
8/11/2022	12:11:52	468.762	8.283	22.251	8.281	7.9	8.45
8/11/2022	12:11:53	469.763	8.279	22.251	8.283	7.901	8.45
8/11/2022	12:11:54	470.774	8.277	22.248	8.285	7.9	8.449
8/11/2022	12:11:55	471.762	8.28	22.249	8.279	7.899	8.445
8/11/2022	12:11:56	472.762	8.283	22.247	8.285	7.894	8.443
8/11/2022	12:11:57	473.761	8.289	22.247	8.284	7.892	8.448
8/11/2022	12:11:58	474.762	8.288	22.248	8.284	7.895	8.447
8/11/2022	12:11:59	475.762	8.283	22.248	8.284	7.893	8.444
8/11/2022	12:12:00	476.767	8.288	22.251	8.283	7.891	8.447
8/11/2022	12:12:01	477.763	8.285	22.251	8.28	7.889	8.444
8/11/2022	12:12:02	478.765	8.278	22.251	8.28	7.886	8.447
8/11/2022	12:12:03	479.763	8.285	22.252	8.271	7.884	8.448
8/11/2022	12:12:04	480.764	8.286	22.251	8.275	7.883	8.444
8/11/2022	12:12:05	481.765	8.282	22.252	8.268	7.883	8.447
8/11/2022	12:12:06	482.764	8.286	22.251	8.272	7.878	8.447
8/11/2022	12:12:07	483.764	8.277	22.254	8.265	7.874	8.447
8/11/2022	12:12:08	484.769	8.276	22.254	8.266	7.875	8.445
8/11/2022	12:12:09	485.765	8.27	22.256	8.263	7.871	8.443
8/11/2022	12:12:10	486.766	8.275	22.257	8.264	7.87	8.445
8/11/2022	12:12:11	487.767	8.269	22.258	8.263	7.872	8.446
8/11/2022	12:12:12	488.767	8.265	22.259	8.262	7.865	8.438
8/11/2022	12:12:13	489.766	8.264	22.258	8.264	7.861	8.445
8/11/2022	12:12:14	490.766	8.262	22.258	8.26	7.866	8.446
8/11/2022	12:12:15	491.797	8.262	22.258	8.255	7.861	8.444
8/11/2022	12:12:16	492.769	8.251	22.261	8.256	7.858	8.437
8/11/2022	12:12:17	493.767	8.253	22.262	8.258	7.852	8.444
8/11/2022	12:12:18	494.766	8.248	22.263	8.257	7.846	8.443
8/11/2022	12:12:19	495.766	8.248	22.265	8.253	7.853	8.442
8/11/2022	12:12:20	496.766	8.246	22.264	8.256	7.845	8.443
8/11/2022	12:12:21	497.766	8.237	22.264	8.252	7.845	8.441
8/11/2022	12:12:22	498.766	8.24	22.262	8.251	7.839	8.45
8/11/2022	12:12:23	499.766	8.237	22.261	8.254	7.839	8.447
8/11/2022	12:12:24	500.765	8.236	22.259	8.251	7.838	8.443
8/11/2022	12:12:25	501.768	8.227	22.259	8.249	7.829	8.445
8/11/2022	12:12:26	502.778	8.223	22.259	8.249	7.834	8.442
8/11/2022	12:12:27	503.768	8.225	22.261	8.243	7.825	8.448
8/11/2022	12:12:28	504.767	8.219	22.262	8.238	7.829	8.442
8/11/2022	12:12:29	505.767	8.214	22.264	8.24	7.818	8.445
8/11/2022	12:12:30	506.767	8.207	22.265	8.239	7.821	8.442
8/11/2022	12:12:31	507.769	8.205	22.267	8.238	7.813	8.444
8/11/2022	12:12:32	508.774	8.196	22.269	8.243	7.808	8.447
8/11/2022	12:12:33	509.767	8.191	22.27	8.235	7.811	8.44
8/11/2022	12:12:34	510.767	8.194	22.266	8.229	7.809	8.445
8/11/2022	12:12:35	511.773	8.188	22.267	8.23	7.809	8.444
8/11/2022	12:12:36	512.767	8.187	22.266	8.234	7.809	8.447
8/11/2022	12:12:37	513.768	8.181	22.268	8.233	7.8	8.444
8/11/2022	12:12:38	514.769	8.174	22.266	8.235	7.798	8.449
8/11/2022	12:12:39	515.769	8.175	22.259	8.232	7.795	8.448
8/11/2022	12:12:40	516.769	8.174	22.252	8.225	7.793	8.446
8/11/2022	12:12:41	517.771	8.168	22.252	8.227	7.792	8.447
8/11/2022	12:12:42	518.782	8.17	22.251	8.225	7.791	8.444
8/11/2022	12:12:43	519.771	8.163	22.256	8.22	7.789	8.445
8/11/2022	12:12:44	520.769	8.155	22.254	8.225	7.788	8.438
8/11/2022	12:12:45	521.771	8.154	22.255	8.216	7.78	8.44
8/11/2022	12:12:46	522.77	8.158	22.256	8.219	7.78	8.439
8/11/2022	12:12:47	523.77	8.146	22.258	8.215	7.769	8.441
8/11/2022	12:12:48	524.781	8.148	22.259	8.217	7.774	8.44
8/11/2022	12:12:49	525.781	8.144	22.257	8.217	7.774	8.442
8/11/2022	12:12:50	526.777	8.143	22.255	8.214	7.774	8.438
8/11/2022	12:12:51	527.772	8.133	22.254	8.213	7.763	8.444
8/11/2022	12:12:52	528.773	8.135	22.252	8.213	7.766	8.443
8/11/2022	12:12:53	529.791	8.132	22.252	8.208	7.76	8.44
8/11/2022	12:12:54	530.775	8.132	22.25	8.207	7.752	8.445
8/11/2022	12:12:55	531.772	8.125	22.251	8.205	7.749	8.44
8/11/2022	12:12:56	532.774	8.126	22.25	8.202	7.757	8.439
8/11/2022	12:12:57	533.773	8.115	22.251	8.197	7.754	8.445
8/11/2022	12:12:58	534.777	8.117	22.251	8.198	7.748	8.438
8/11/2022	12:12:59	535.773	8.108	22.252	8.199	7.747	8.441
8/11/2022	12:13:00	536.776	8.105	22.251	8.192	7.744	8.441
8/11/2022	12:13:01	537.775	8.103	22.251	8.196	7.738	8.441
8/11/2022	12:13:02	538.775	8.102	22.252	8.187	7.737	8.443
8/11/2022	12:13:03	539.776	8.1	22.255	8.192	7.735	8.439
8/11/2022	12:13:04	540.776	8.102	22.255	8.188	7.733	8.441
8/11/2022	12:13:05	541.776	8.089	22.258	8.189	7.732	8.438
8/11/2022	12:13:06	542.775	8.087	22.26	8.182	7.729	8.436
8/11/2022	12:13:07	543.777	8.086	22.258	8.183	7.723	8.444
8/11/2022	12:13:08	544.777	8.081	22.257	8.182	7.72	8.441
8/11/2022	12:13:09	545.777	8.076	22.255	8.179	7.72	8.443
8/11/2022	12:13:10	546.777	8.078	22.254	8.182	7.72	8.442
8/11/2022	12:13:11	547.778	8.075	22.254	8.177	7.716	8.44
8/11/2022	12:13:12	548.777	8.072	22.254	8.176	7.71	8.444
8/11/2022	12:13:13	549.777	8.067	22.252	8.171	7.708	8.442
8/11/2022	12:13:14	550.777	8.059	22.247	8.166	7.704	8.442
8/11/2022	12:13:15	551.776	8.06	22.239	8.173	7.71	8.446
8/11/2022	12:13:16	552.777	8.062	22.233	8.168	7.708	8.443
8/11/2022	12:13:17	553.778	8.06	22.23	8.172	7.704	8.453
8/11/2022	12:13:18	554.778	8.057	22.23	8.167	7.7	8.446
8/11/2022	12:13:19	555.777	8.053	22.23	8.173	7.706	8.447
8/11/2022	12:13:20	556.776	8.048	22.233	8.169	7.703	8.446
8/11/2022	12:13:21	557.777	8.05	22.234	8.165	7.695	8.448
8/11/2022	12:13:22	558.777	8.045	22.233	8.166	7.696	8.445
8/11/2022	12:13:23	559.777	8.033	22.229	8.166	7.7	8.449
8/11/2022	12:13:24	560.779	8.038	22.23	8.166	7.688	8.449
8/11/2022	12:13:25	561.779	8.03	22.232	8.162	7.687	8.449
8/11/2022	12:13:26	562.781	8.029	22.234	8.156	7.683	8.447
8/11/2022	12:13:27	563.778	8.028	22.232	8.159	7.684	8.449
8/11/2022	12:13:28	564.778	8.021	22.232	8.158	7.682	8.449
8/11/2022	12:13:29	565.779	8.013	22.23	8.153	7.682	8.447
8/11/2022	12:13:30	566.78	8.017	22.232	8.157	7.672	8.441
8/11/2022	12:13:31	567.779	8.016	22.231	8.162	7.678	8.445
8/11/2022	12:13:32	568.78	8.007	22.232	8.152	7.67	8.443
8/11/2022	12:13:33	569.78	8.004	22.231	8.147	7.67	8.446
8/11/2022	12:13:34	570.78	8	22.231	8.152	7.668	8.45
8/11/2022	12:13:35	571.78	7.992	22.231	8.154	7.664	8.446
8/11/2022	12:13:36	572.78	7.995	22.229	8.15	7.659	8.444
8/11/2022	12:13:37	573.785	7.988	22.228	8.148	7.66	8.448
8/11/2022	12:13:38	574.786	7.987	22.228	8.148	7.656	8.443
8/11/2022	12:13:39	575.782	7.984	22.226	8.144	7.647	8.444
8/11/2022	12:13:40	576.782	7.981	22.224	8.138	7.652	8.447
8/11/2022	12:13:41	577.783	7.977	22.223	8.137	7.65	8.446
8/11/2022	12:13:42	578.783	7.982	22.222	8.139	7.648	8.447
8/11/2022	12:13:43	579.782	7.978	22.223	8.14	7.646	8.448
8/11/2022	12:13:44	580.782	7.969	22.222	8.131	7.639	8.449
8/11/2022	12:13:45	581.782	7.972	22.222	8.135	7.635	8.448
8/11/2022	12:13:46	582.783	7.966	22.223	8.131	7.639	8.451
8/11/2022	12:13:47	583.783	7.964	22.224	8.132	7.638	8.448
8/11/2022	12:13:48	584.784	7.96	22.223	8.129	7.63	8.448
8/11/2022	12:13:49	585.784	7.953	22.222	8.129	7.627	8.449
8/11/2022	12:13:50	586.784	7.957	22.22	8.124	7.625	8.444
8/11/2022	12:13:51	587.789	7.955	22.218	8.124	7.63	8.451
8/11/2022	12:13:52	588.802	7.948	22.22	8.123	7.623	8.443
8/11/2022	12:13:53	589.786	7.946	22.221	8.122	7.624	8.446
8/11/2022	12:13:54	590.785	7.952	22.223	8.121	7.615	8.446
8/11/2022	12:13:55	591.785	7.935	22.227	8.122	7.615	8.446
8/11/2022	12:13:56	592.785	7.94	22.227	8.116	7.617	8.44
8/11/2022	12:13:57	593.786	7.937	22.224	8.113	7.611	8.448
8/11/2022	12:13:58	594.785	7.933	22.222	8.117	7.611	8.446
8/11/2022	12:13:59	595.787	7.931	22.222	8.118	7.612	8.444
8/11/2022	12:14:00	596.792	7.926	22.222	8.106	7.609	8.445
8/11/2022	12:14:01	597.787	7.927	22.219	8.117	7.599	8.448
8/11/2022	12:14:02	598.8	7.925	22.216	8.113	7.601	8.45
8/11/2022	12:14:03	599.787	7.921	22.215	8.111	7.597	8.449
8/11/2022	12:14:04	600.787	7.918	22.214	8.113	7.594	8.45
8/11/2022	12:14:05	601.788	7.916	22.214	8.11	7.597	8.447
8/11/2022	12:14:06	602.788	7.911	22.215	8.104	7.592	8.45
8/11/2022	12:14:07	603.789	7.905	22.214	8.099	7.592	8.451
8/11/2022	12:14:08	604.792	7.902	22.214	8.101	7.594	8.448
8/11/2022	12:14:09	605.805	7.899	22.212	8.104	7.591	8.453
8/11/2022	12:14:10	606.791	7.901	22.212	8.101	7.582	8.45
8/11/2022	12:14:11	607.791	7.891	22.213	8.098	7.58	8.453
8/11/2022	12:14:12	608.791	7.892	22.216	8.096	7.578	8.447
8/11/2022	12:14:13	609.792	7.891	22.215	8.1	7.575	8.45
8/11/2022	12:14:14	610.792	7.887	22.212	8.096	7.571	8.452
8/11/2022	12:14:15	611.794	7.887	22.209	8.098	7.573	8.446
8/11/2022	12:14:16	612.797	7.881	22.206	8.09	7.572	8.45
8/11/2022	12:14:17	613.793	7.874	22.208	8.088	7.57	8.451
8/11/2022	12:14:18	614.813	7.876	22.21	8.083	7.565	8.452
8/11/2022	12:14:19	615.794	7.87	22.212	8.09	7.565	8.445
8/11/2022	12:14:20	616.795	7.87	22.211	8.084	7.566	8.451
8/11/2022	12:14:21	617.795	7.873	22.213	8.086	7.556	8.451
8/11/2022	12:14:22	618.801	7.866	22.213	8.087	7.551	8.451
8/11/2022	12:14:23	619.795	7.862	22.216	8.079	7.548	8.444
8/11/2022	12:14:24	620.808	7.858	22.215	8.082	7.547	8.446
8/11/2022	12:14:25	621.797	7.857	22.215	8.076	7.546	8.451
8/11/2022	12:14:26	622.796	7.848	22.213	8.078	7.547	8.449
8/11/2022	12:14:27	623.796	7.85	22.212	8.08	7.545	8.449
8/11/2022	12:14:28	624.799	7.841	22.214	8.072	7.542	8.449
8/11/2022	12:14:29	625.798	7.84	22.213	8.071	7.54	8.451
8/11/2022	12:14:30	626.799	7.841	22.213	8.069	7.536	8.449
8/11/2022	12:14:31	627.799	7.838	22.211	8.067	7.54	8.447
8/11/2022	12:14:32	628.8	7.833	22.21	8.078	7.537	8.45
8/11/2022	12:14:33	629.802	7.829	22.209	8.068	7.533	8.446
8/11/2022	12:14:34	630.802	7.827	22.206	8.067	7.53	8.455
8/11/2022	12:14:35	631.801	7.829	22.202	8.073	7.53	8.447
8/11/2022	12:14:36	632.806	7.826	22.199	8.062	7.53	8.451
8/11/2022	12:14:37	633.802	7.817	22.2	8.061	7.525	8.455
8/11/2022	12:14:38	634.802	7.827	22.203	8.059	7.528	8.448
8/11/2022	12:14:39	635.804	7.816	22.204	8.064	7.517	8.45
8/11/2022	12:14:40	636.802	7.804	22.206	8.059	7.518	8.449
8/11/2022	12:14:41	637.803	7.806	22.206	8.055	7.516	8.454
8/11/2022	12:14:42	638.802	7.807	22.206	8.049	7.51	8.444
8/11/2022	12:14:43	639.803	7.806	22.206	8.053	7.509	8.446
8/11/2022	12:14:44	640.805	7.805	22.201	8.048	7.508	8.447
8/11/2022	12:14:45	641.804	7.799	22.201	8.054	7.509	8.449
8/11/2022	12:14:46	642.804	7.799	22.2	8.053	7.501	8.448
8/11/2022	12:14:47	643.805	7.794	22.202	8.047	7.503	8.451
8/11/2022	12:14:48	644.805	7.796	22.201	8.051	7.505	8.449
8/11/2022	12:14:49	645.809	7.793	22.2	8.045	7.503	8.456
8/11/2022	12:14:50	646.811	7.79	22.199	8.043	7.498	8.459
8/11/2022	12:14:51	647.825	7.789	22.201	8.043	7.499	8.448
8/11/2022	12:14:52	648.807	7.782	22.2	8.051	7.496	8.453
8/11/2022	12:14:53	649.806	7.783	22.2	8.041	7.497	8.456
8/11/2022	12:14:54	650.807	7.776	22.201	8.038	7.486	8.449
8/11/2022	12:14:55	651.807	7.777	22.2	8.041	7.487	8.45
8/11/2022	12:14:56	652.807	7.774	22.2	8.044	7.487	8.451
8/11/2022	12:14:57	653.807	7.771	22.196	8.04	7.484	8.452
8/11/2022	12:14:58	654.806	7.766	22.195	8.035	7.484	8.448
8/11/2022	12:14:59	655.807	7.768	22.193	8.034	7.478	8.452
8/11/2022	12:15:00	656.807	7.764	22.192	8.035	7.479	8.455
8/11/2022	12:15:01	657.811	7.757	22.19	8.031	7.473	8.449
8/11/2022	12:15:02	658.811	7.753	22.189	8.031	7.47	8.45
8/11/2022	12:15:03	659.822	7.758	22.191	8.027	7.471	8.455
8/11/2022	12:15:04	660.813	7.756	22.19	8.027	7.472	8.447
8/11/2022	12:15:05	661.814	7.745	22.189	8.025	7.466	8.454
8/11/2022	12:15:06	662.815	7.746	22.187	8.028	7.462	8.451
8/11/2022	12:15:07	663.815	7.743	22.186	8.023	7.459	8.452
8/11/2022	12:15:08	664.816	7.739	22.185	8.026	7.462	8.455
8/11/2022	12:15:09	665.816	7.744	22.187	8.029	7.453	8.453
8/11/2022	12:15:10	666.816	7.734	22.186	8.024	7.456	8.448
8/11/2022	12:15:11	667.816	7.733	22.186	8.022	7.455	8.453
8/11/2022	12:15:12	668.816	7.733	22.186	8.024	7.455	8.454
8/11/2022	12:15:13	669.816	7.727	22.184	8.027	7.451	8.451
8/11/2022	12:15:14	670.817	7.73	22.184	8.015	7.449	8.449
8/11/2022	12:15:15	671.818	7.723	22.184	8.013	7.446	8.451
8/11/2022	12:15:16	672.817	7.716	22.184	8.015	7.441	8.456
8/11/2022	12:15:17	673.818	7.713	22.185	8.014	7.442	8.459
8/11/2022	12:15:18	674.821	7.715	22.185	8.012	7.437	8.449
8/11/2022	12:15:19	675.82	7.711	22.185	8.009	7.433	8.456
8/11/2022	12:15:20	676.82	7.711	22.183	8.009	7.436	8.452
8/11/2022	12:15:21	677.824	7.706	22.182	8.011	7.434	8.45
8/11/2022	12:15:22	678.822	7.702	22.183	8.01	7.432	8.451
8/11/2022	12:15:23	679.821	7.703	22.184	8.009	7.425	8.451
8/11/2022	12:15:24	680.821	7.696	22.184	8.011	7.427	8.452
8/11/2022	12:15:25	681.822	7.701	22.182	8.005	7.424	8.449
8/11/2022	12:15:26	682.82	7.689	22.184	8.007	7.423	8.45
8/11/2022	12:15:27	683.82	7.683	22.187	8.004	7.422	8.452
8/11/2022	12:15:28	684.82	7.685	22.187	8.006	7.418	8.452
8/11/2022	12:15:29	685.821	7.684	22.184	8.002	7.414	8.449
8/11/2022	12:15:30	686.82	7.678	22.18	7.999	7.418	8.45
8/11/2022	12:15:31	687.82	7.682	22.181	7.999	7.413	8.452
8/11/2022	12:15:32	688.828	7.669	22.182	7.995	7.411	8.454
8/11/2022	12:15:33	689.823	7.675	22.181	7.997	7.41	8.45
8/11/2022	12:15:34	690.826	7.666	22.179	7.997	7.405	8.453
8/11/2022	12:15:35	691.824	7.664	22.177	7.993	7.404	8.45
8/11/2022	12:15:36	692.824	7.661	22.18	7.993	7.405	8.45
8/11/2022	12:15:37	693.824	7.659	22.179	7.996	7.4	8.451
8/11/2022	12:15:38	694.824	7.653	22.178	7.99	7.4	8.451
8/11/2022	12:15:39	695.837	7.656	22.177	7.992	7.401	8.454
8/11/2022	12:15:40	696.827	7.647	22.176	7.987	7.4	8.446
8/11/2022	12:15:41	697.825	7.647	22.176	7.98	7.394	8.451
8/11/2022	12:15:42	698.825	7.644	22.174	7.987	7.392	8.45
8/11/2022	12:15:43	699.824	7.642	22.174	7.983	7.391	8.449
8/11/2022	12:15:44	700.825	7.636	22.174	7.989	7.395	8.45
8/11/2022	12:15:45	701.824	7.635	22.174	7.977	7.389	8.45
8/11/2022	12:15:46	702.825	7.635	22.176	7.979	7.383	8.458
8/11/2022	12:15:47	703.825	7.629	22.176	7.981	7.388	8.452
8/11/2022	12:15:48	704.825	7.632	22.179	7.972	7.383	8.446
